 1.00000000e+01  8.79500412e+01 
 1.04712855e+01  8.79500412e+01 
 1.09647820e+01  8.79500412e+01 
 1.14815362e+01  8.79500412e+01 
 1.20226443e+01  8.79500412e+01 
 1.25892541e+01  8.79500412e+01 
 1.31825674e+01  8.79500412e+01 
 1.38038426e+01  8.79500412e+01 
 1.44543977e+01  8.79500412e+01 
 1.51356125e+01  8.79500412e+01 
 1.58489319e+01  8.79500412e+01 
 1.65958691e+01  8.79500412e+01 
 1.73780083e+01  8.79500412e+01 
 1.81970086e+01  8.79500412e+01 
 1.90546072e+01  8.79500412e+01 
 1.99526231e+01  8.79500412e+01 
 2.08929613e+01  8.79500412e+01 
 2.18776162e+01  8.79500412e+01 
 2.29086765e+01  8.79500412e+01 
 2.39883292e+01  8.79500412e+01 
 2.51188643e+01  8.79500412e+01 
 2.63026799e+01  8.79500412e+01 
 2.75422870e+01  8.79500411e+01 
 2.88403150e+01  8.79500411e+01 
 3.01995172e+01  8.79500411e+01 
 3.16227766e+01  8.79500411e+01 
 3.31131121e+01  8.79500411e+01 
 3.46736850e+01  8.79500411e+01 
 3.63078055e+01  8.79500411e+01 
 3.80189396e+01  8.79500411e+01 
 3.98107171e+01  8.79500411e+01 
 4.16869383e+01  8.79500411e+01 
 4.36515832e+01  8.79500411e+01 
 4.57088190e+01  8.79500411e+01 
 4.78630092e+01  8.79500410e+01 
 5.01187234e+01  8.79500410e+01 
 5.24807460e+01  8.79500410e+01 
 5.49540874e+01  8.79500410e+01 
 5.75439937e+01  8.79500410e+01 
 6.02559586e+01  8.79500409e+01 
 6.30957344e+01  8.79500409e+01 
 6.60693448e+01  8.79500409e+01 
 6.91830971e+01  8.79500409e+01 
 7.24435960e+01  8.79500408e+01 
 7.58577575e+01  8.79500408e+01 
 7.94328235e+01  8.79500408e+01 
 8.31763771e+01  8.79500407e+01 
 8.70963590e+01  8.79500407e+01 
 9.12010839e+01  8.79500406e+01 
 9.54992586e+01  8.79500406e+01 
 1.00000000e+02  8.79500405e+01 
 1.04712855e+02  8.79500404e+01 
 1.09647820e+02  8.79500404e+01 
 1.14815362e+02  8.79500403e+01 
 1.20226443e+02  8.79500402e+01 
 1.25892541e+02  8.79500401e+01 
 1.31825674e+02  8.79500400e+01 
 1.38038426e+02  8.79500399e+01 
 1.44543977e+02  8.79500397e+01 
 1.51356125e+02  8.79500396e+01 
 1.58489319e+02  8.79500394e+01 
 1.65958691e+02  8.79500393e+01 
 1.73780083e+02  8.79500391e+01 
 1.81970086e+02  8.79500389e+01 
 1.90546072e+02  8.79500386e+01 
 1.99526231e+02  8.79500384e+01 
 2.08929613e+02  8.79500381e+01 
 2.18776162e+02  8.79500378e+01 
 2.29086765e+02  8.79500375e+01 
 2.39883292e+02  8.79500371e+01 
 2.51188643e+02  8.79500368e+01 
 2.63026799e+02  8.79500363e+01 
 2.75422870e+02  8.79500359e+01 
 2.88403150e+02  8.79500353e+01 
 3.01995172e+02  8.79500348e+01 
 3.16227766e+02  8.79500342e+01 
 3.31131121e+02  8.79500335e+01 
 3.46736850e+02  8.79500327e+01 
 3.63078055e+02  8.79500319e+01 
 3.80189396e+02  8.79500310e+01 
 3.98107171e+02  8.79500300e+01 
 4.16869383e+02  8.79500290e+01 
 4.36515832e+02  8.79500278e+01 
 4.57088190e+02  8.79500265e+01 
 4.78630092e+02  8.79500251e+01 
 5.01187234e+02  8.79500235e+01 
 5.24807460e+02  8.79500218e+01 
 5.49540874e+02  8.79500199e+01 
 5.75439937e+02  8.79500179e+01 
 6.02559586e+02  8.79500156e+01 
 6.30957344e+02  8.79500131e+01 
 6.60693448e+02  8.79500104e+01 
 6.91830971e+02  8.79500075e+01 
 7.24435960e+02  8.79500042e+01 
 7.58577575e+02  8.79500007e+01 
 7.94328235e+02  8.79499967e+01 
 8.31763771e+02  8.79499925e+01 
 8.70963590e+02  8.79499877e+01 
 9.12010839e+02  8.79499826e+01 
 9.54992586e+02  8.79499769e+01 
 1.00000000e+03  8.79499707e+01 
 1.04712855e+03  8.79499639e+01 
 1.09647820e+03  8.79499565e+01 
 1.14815362e+03  8.79499483e+01 
 1.20226443e+03  8.79499394e+01 
 1.25892541e+03  8.79499295e+01 
 1.31825674e+03  8.79499188e+01 
 1.38038426e+03  8.79499069e+01 
 1.44543977e+03  8.79498940e+01 
 1.51356125e+03  8.79498798e+01 
 1.58489319e+03  8.79498642e+01 
 1.65958691e+03  8.79498471e+01 
 1.73780083e+03  8.79498284e+01 
 1.81970086e+03  8.79498079e+01 
 1.90546072e+03  8.79497854e+01 
 1.99526231e+03  8.79497607e+01 
 2.08929613e+03  8.79497336e+01 
 2.18776162e+03  8.79497040e+01 
 2.29086765e+03  8.79496714e+01 
 2.39883292e+03  8.79496357e+01 
 2.51188643e+03  8.79495966e+01 
 2.63026799e+03  8.79495537e+01 
 2.75422870e+03  8.79495067e+01 
 2.88403150e+03  8.79494551e+01 
 3.01995172e+03  8.79493986e+01 
 3.16227766e+03  8.79493366e+01 
 3.31131121e+03  8.79492686e+01 
 3.46736850e+03  8.79491941e+01 
 3.63078055e+03  8.79491124e+01 
 3.80189396e+03  8.79490228e+01 
 3.98107171e+03  8.79489246e+01 
 4.16869383e+03  8.79488168e+01 
 4.36515832e+03  8.79486987e+01 
 4.57088190e+03  8.79485692e+01 
 4.78630092e+03  8.79484273e+01 
 5.01187234e+03  8.79482716e+01 
 5.24807460e+03  8.79481009e+01 
 5.49540874e+03  8.79479137e+01 
 5.75439937e+03  8.79477085e+01 
 6.02559586e+03  8.79474835e+01 
 6.30957344e+03  8.79472369e+01 
 6.60693448e+03  8.79469664e+01 
 6.91830971e+03  8.79466698e+01 
 7.24435960e+03  8.79463447e+01 
 7.58577575e+03  8.79459882e+01 
 7.94328235e+03  8.79455974e+01 
 8.31763771e+03  8.79451689e+01 
 8.70963590e+03  8.79446991e+01 
 9.12010839e+03  8.79441840e+01 
 9.54992586e+03  8.79436194e+01 
 1.00000000e+04  8.79430003e+01 
 1.04712855e+04  8.79423215e+01 
 1.09647820e+04  8.79415775e+01 
 1.14815362e+04  8.79407617e+01 
 1.20226443e+04  8.79398674e+01 
 1.25892541e+04  8.79388871e+01 
 1.31825674e+04  8.79378124e+01 
 1.38038426e+04  8.79366343e+01 
 1.44543977e+04  8.79353430e+01 
 1.51356125e+04  8.79339274e+01 
 1.58489319e+04  8.79323758e+01 
 1.65958691e+04  8.79306751e+01 
 1.73780083e+04  8.79288110e+01 
 1.81970086e+04  8.79267680e+01 
 1.90546072e+04  8.79245289e+01 
 1.99526231e+04  8.79220750e+01 
 2.08929613e+04  8.79193859e+01 
 2.18776162e+04  8.79164392e+01 
 2.29086765e+04  8.79132104e+01 
 2.39883292e+04  8.79096728e+01 
 2.51188643e+04  8.79057969e+01 
 2.63026799e+04  8.79015509e+01 
 2.75422870e+04  8.78968998e+01 
 2.88403150e+04  8.78918054e+01 
 3.01995172e+04  8.78862261e+01 
 3.16227766e+04  8.78801163e+01 
 3.31131121e+04  8.78734264e+01 
 3.46736850e+04  8.78661023e+01 
 3.63078055e+04  8.78580851e+01 
 3.80189396e+04  8.78493106e+01 
 3.98107171e+04  8.78397089e+01 
 4.16869383e+04  8.78292040e+01 
 4.36515832e+04  8.78177133e+01 
 4.57088190e+04  8.78051472e+01 
 4.78630092e+04  8.77914083e+01 
 5.01187234e+04  8.77763913e+01 
 5.24807460e+04  8.77599820e+01 
 5.49540874e+04  8.77420570e+01 
 5.75439937e+04  8.77224831e+01 
 6.02559586e+04  8.77011167e+01 
 6.30957344e+04  8.76778032e+01 
 6.60693448e+04  8.76523762e+01 
 6.91830971e+04  8.76246576e+01 
 7.24435960e+04  8.75944564e+01 
 7.58577575e+04  8.75615690e+01 
 7.94328235e+04  8.75257781e+01 
 8.31763771e+04  8.74868529e+01 
 8.70963590e+04  8.74445488e+01 
 9.12010839e+04  8.73986075e+01 
 9.54992586e+04  8.73487571e+01 
 1.00000000e+05  8.72947123e+01 
 1.04712855e+05  8.72361752e+01 
 1.09647820e+05  8.71728359e+01 
 1.14815362e+05  8.71043736e+01 
 1.20226443e+05  8.70304581e+01 
 1.25892541e+05  8.69507510e+01 
 1.31825674e+05  8.68649083e+01 
 1.38038426e+05  8.67725820e+01 
 1.44543977e+05  8.66734230e+01 
 1.51356125e+05  8.65670837e+01 
 1.58489319e+05  8.64532212e+01 
 1.65958691e+05  8.63315004e+01 
 1.73780083e+05  8.62015973e+01 
 1.81970086e+05  8.60632026e+01 
 1.90546072e+05  8.59160246e+01 
 1.99526231e+05  8.57597930e+01 
 2.08929613e+05  8.55942614e+01 
 2.18776162e+05  8.54192103e+01 
 2.29086765e+05  8.52344489e+01 
 2.39883292e+05  8.50398175e+01 
 2.51188643e+05  8.48351877e+01 
 2.63026799e+05  8.46204640e+01 
 2.75422870e+05  8.43955824e+01 
 2.88403150e+05  8.41605106e+01 
 3.01995172e+05  8.39152455e+01 
 3.16227766e+05  8.36598119e+01 
 3.31131121e+05  8.33942587e+01 
 3.46736850e+05  8.31186563e+01 
 3.63078055e+05  8.28330926e+01 
 3.80189396e+05  8.25376687e+01 
 3.98107171e+05  8.22324946e+01 
 4.16869383e+05  8.19176851e+01 
 4.36515832e+05  8.15933545e+01 
 4.57088190e+05  8.12596129e+01 
 4.78630092e+05  8.09165613e+01 
 5.01187234e+05  8.05642877e+01 
 5.24807460e+05  8.02028630e+01 
 5.49540874e+05  7.98323376e+01 
 5.75439937e+05  7.94527381e+01 
 6.02559586e+05  7.90640645e+01 
 6.30957344e+05  7.86662876e+01 
 6.60693448e+05  7.82593471e+01 
 6.91830971e+05  7.78431499e+01 
 7.24435960e+05  7.74175688e+01 
 7.58577575e+05  7.69824419e+01 
 7.94328235e+05  7.65375726e+01 
 8.31763771e+05  7.60827289e+01 
 8.70963590e+05  7.56176447e+01 
 9.12010839e+05  7.51420205e+01 
 9.54992586e+05  7.46555251e+01 
 1.00000000e+06  7.41577968e+01 
 1.04712855e+06  7.36484464e+01 
 1.09647820e+06  7.31270593e+01 
 1.14815362e+06  7.25931987e+01 
 1.20226443e+06  7.20464087e+01 
 1.25892541e+06  7.14862178e+01 
 1.31825674e+06  7.09121426e+01 
 1.38038426e+06  7.03236914e+01 
 1.44543977e+06  6.97203683e+01 
 1.51356125e+06  6.91016767e+01 
 1.58489319e+06  6.84671228e+01 
 1.65958691e+06  6.78162193e+01 
 1.73780083e+06  6.71484885e+01 
 1.81970086e+06  6.64634646e+01 
 1.90546072e+06  6.57606969e+01 
 1.99526231e+06  6.50397510e+01 
 2.08929613e+06  6.43002110e+01 
 2.18776162e+06  6.35416800e+01 
 2.29086765e+06  6.27637811e+01 
 2.39883292e+06  6.19661573e+01 
 2.51188643e+06  6.11484714e+01 
 2.63026799e+06  6.03104050e+01 
 2.75422870e+06  5.94516580e+01 
 2.88403150e+06  5.85719461e+01 
 3.01995172e+06  5.76710000e+01 
 3.16227766e+06  5.67485624e+01 
 3.31131121e+06  5.58043856e+01 
 3.46736850e+06  5.48382286e+01 
 3.63078055e+06  5.38498543e+01 
 3.80189396e+06  5.28390255e+01 
 3.98107171e+06  5.18055020e+01 
 4.16869383e+06  5.07490371e+01 
 4.36515832e+06  4.96693745e+01 
 4.57088190e+06  4.85662455e+01 
 4.78630092e+06  4.74393669e+01 
 5.01187234e+06  4.62884406e+01 
 5.24807460e+06  4.51131530e+01 
 5.49540874e+06  4.39131773e+01 
 5.75439937e+06  4.26881766e+01 
 6.02559586e+06  4.14378095e+01 
 6.30957344e+06  4.01617374e+01 
 6.60693448e+06  3.88596335e+01 
 6.91830971e+06  3.75311940e+01 
 7.24435960e+06  3.61761501e+01 
 7.58577575e+06  3.47942817e+01 
 7.94328235e+06  3.33854301e+01 
 8.31763771e+06  3.19495111e+01 
 8.70963590e+06  3.04865264e+01 
 9.12010839e+06  2.89965727e+01 
 9.54992586e+06  2.74798485e+01 
 1.00000000e+07  2.59366571e+01 
