-4.00000000e-04 -5.57051581e+00 
-3.95000000e-04 -5.57051501e+00 
-3.90000000e-04 -5.57051422e+00 
-3.85000000e-04 -5.57051342e+00 
-3.80000000e-04 -5.57051263e+00 
-3.75000000e-04 -5.57051183e+00 
-3.70000000e-04 -5.57051104e+00 
-3.65000000e-04 -5.57051025e+00 
-3.60000000e-04 -5.57050945e+00 
-3.55000000e-04 -5.57050866e+00 
-3.50000000e-04 -5.57050786e+00 
-3.45000000e-04 -5.57050707e+00 
-3.40000000e-04 -5.57050628e+00 
-3.35000000e-04 -5.57050548e+00 
-3.30000000e-04 -5.57050469e+00 
-3.25000000e-04 -5.57050389e+00 
-3.20000000e-04 -5.57050310e+00 
-3.15000000e-04 -5.57050230e+00 
-3.10000000e-04 -5.57050151e+00 
-3.05000000e-04 -5.57050072e+00 
-3.00000000e-04 -5.57049992e+00 
-2.95000000e-04 -5.57049913e+00 
-2.90000000e-04 -5.57049833e+00 
-2.85000000e-04 -5.57049754e+00 
-2.80000000e-04 -5.57049674e+00 
-2.75000000e-04 -5.57049595e+00 
-2.70000000e-04 -5.57049516e+00 
-2.65000000e-04 -5.57049436e+00 
-2.60000000e-04 -5.57049357e+00 
-2.55000000e-04 -5.57049277e+00 
-2.50000000e-04 -5.57049198e+00 
-2.45000000e-04 -5.57049118e+00 
-2.40000000e-04 -5.57049039e+00 
-2.35000000e-04 -5.57048960e+00 
-2.30000000e-04 -5.57048880e+00 
-2.25000000e-04 -5.57048801e+00 
-2.20000000e-04 -5.49445422e+00 
-2.15000000e-04 -5.36958077e+00 
-2.10000000e-04 -5.24470699e+00 
-2.05000000e-04 -5.11983316e+00 
-2.00000000e-04 -4.99495929e+00 
-1.95000000e-04 -4.87008540e+00 
-1.90000000e-04 -4.74521149e+00 
-1.85000000e-04 -4.62033756e+00 
-1.80000000e-04 -4.49546363e+00 
-1.75000000e-04 -4.37058969e+00 
-1.70000000e-04 -4.24571575e+00 
-1.65000000e-04 -4.12084179e+00 
-1.60000000e-04 -3.99596784e+00 
-1.55000000e-04 -3.87109387e+00 
-1.50000000e-04 -3.74621991e+00 
-1.45000000e-04 -3.62134594e+00 
-1.40000000e-04 -3.49647197e+00 
-1.35000000e-04 -3.37159799e+00 
-1.30000000e-04 -3.24672402e+00 
-1.25000000e-04 -3.12185003e+00 
-1.20000000e-04 -2.99697605e+00 
-1.15000000e-04 -2.87210207e+00 
-1.10000000e-04 -2.74722808e+00 
-1.05000000e-04 -2.62235409e+00 
-1.00000000e-04 -2.49748010e+00 
-9.50000000e-05 -2.37260611e+00 
-9.00000000e-05 -2.24773211e+00 
-8.50000000e-05 -2.12285811e+00 
-8.00000000e-05 -1.99798412e+00 
-7.50000000e-05 -1.87311012e+00 
-7.00000000e-05 -1.74823612e+00 
-6.50000000e-05 -1.62336211e+00 
-6.00000000e-05 -1.49848811e+00 
-5.50000000e-05 -1.37361411e+00 
-5.00000000e-05 -1.24874010e+00 
-4.50000000e-05 -1.12386609e+00 
-4.00000000e-05 -9.98992085e-01 
-3.50000000e-05 -8.74118076e-01 
-3.00000000e-05 -7.49244067e-01 
-2.50000000e-05 -6.24370057e-01 
-2.00000000e-05 -4.99496046e-01 
-1.50000000e-05 -3.74622035e-01 
-1.00000000e-05 -2.49748023e-01 
-5.00000000e-06 -1.24874012e-01 
 6.91178885e-19  1.76474414e-14 
 5.00000000e-06  1.24874012e-01 
 1.00000000e-05  2.49748023e-01 
 1.50000000e-05  3.74622035e-01 
 2.00000000e-05  4.99496046e-01 
 2.50000000e-05  6.24370057e-01 
 3.00000000e-05  7.49244067e-01 
 3.50000000e-05  8.74118076e-01 
 4.00000000e-05  9.98992085e-01 
 4.50000000e-05  1.12386609e+00 
 5.00000000e-05  1.24874010e+00 
 5.50000000e-05  1.37361411e+00 
 6.00000000e-05  1.49848811e+00 
 6.50000000e-05  1.62336211e+00 
 7.00000000e-05  1.74823612e+00 
 7.50000000e-05  1.87311012e+00 
 8.00000000e-05  1.99798412e+00 
 8.50000000e-05  2.12285811e+00 
 9.00000000e-05  2.24773211e+00 
 9.50000000e-05  2.37260611e+00 
 1.00000000e-04  2.49748010e+00 
 1.05000000e-04  2.62235409e+00 
 1.10000000e-04  2.74722808e+00 
 1.15000000e-04  2.87210207e+00 
 1.20000000e-04  2.99697605e+00 
 1.25000000e-04  3.12185003e+00 
 1.30000000e-04  3.24672402e+00 
 1.35000000e-04  3.37159799e+00 
 1.40000000e-04  3.49647197e+00 
 1.45000000e-04  3.62134594e+00 
 1.50000000e-04  3.74621991e+00 
 1.55000000e-04  3.87109387e+00 
 1.60000000e-04  3.99596784e+00 
 1.65000000e-04  4.12084179e+00 
 1.70000000e-04  4.24571575e+00 
 1.75000000e-04  4.37058969e+00 
 1.80000000e-04  4.49546363e+00 
 1.85000000e-04  4.62033756e+00 
 1.90000000e-04  4.74521149e+00 
 1.95000000e-04  4.87008540e+00 
 2.00000000e-04  4.99495929e+00 
 2.05000000e-04  5.11983315e+00 
 2.10000000e-04  5.24470698e+00 
 2.15000000e-04  5.36958073e+00 
 2.20000000e-04  5.49445428e+00 
 2.25000000e-04  5.57048801e+00 
 2.30000000e-04  5.57048881e+00 
 2.35000000e-04  5.57048960e+00 
 2.40000000e-04  5.57049039e+00 
 2.45000000e-04  5.57049119e+00 
 2.50000000e-04  5.57049198e+00 
 2.55000000e-04  5.57049277e+00 
 2.60000000e-04  5.57049357e+00 
 2.65000000e-04  5.57049436e+00 
 2.70000000e-04  5.57049516e+00 
 2.75000000e-04  5.57049595e+00 
 2.80000000e-04  5.57049675e+00 
 2.85000000e-04  5.57049754e+00 
 2.90000000e-04  5.57049833e+00 
 2.95000000e-04  5.57049913e+00 
 3.00000000e-04  5.57049992e+00 
 3.05000000e-04  5.57050072e+00 
 3.10000000e-04  5.57050151e+00 
 3.15000000e-04  5.57050231e+00 
 3.20000000e-04  5.57050310e+00 
 3.25000000e-04  5.57050389e+00 
 3.30000000e-04  5.57050469e+00 
 3.35000000e-04  5.57050548e+00 
 3.40000000e-04  5.57050628e+00 
 3.45000000e-04  5.57050707e+00 
 3.50000000e-04  5.57050787e+00 
 3.55000000e-04  5.57050866e+00 
 3.60000000e-04  5.57050945e+00 
 3.65000000e-04  5.57051025e+00 
 3.70000000e-04  5.57051104e+00 
 3.75000000e-04  5.57051184e+00 
 3.80000000e-04  5.57051263e+00 
 3.85000000e-04  5.57051343e+00 
 3.90000000e-04  5.57051422e+00 
 3.95000000e-04  5.57051501e+00 
 4.00000000e-04  5.57051581e+00 
