 0.00000000e+00  0.00000000e+00  0.00000000e+00 -4.48004224e-12 
 2.00000000e-09  1.25663673e-07  2.00000000e-09  7.07955869e-08 
 2.20880434e-09  1.38783225e-07  2.20880434e-09  7.90489350e-08 
 2.62641302e-09  1.65022322e-07  2.62641302e-09  9.79198256e-08 
 3.46163039e-09  2.17500480e-07  3.46163039e-09  1.50803774e-07 
 5.13206512e-09  3.22456603e-07  5.13206512e-09  3.86292831e-07 
 6.45937924e-09  4.05853653e-07  6.45937924e-09  8.16150734e-07 
 7.79969917e-09  4.90067590e-07  7.79969917e-09  1.70796180e-06 
 9.25266911e-09  5.81359071e-07  9.25266911e-09  3.75772630e-06 
 1.08209763e-08  6.79896755e-07  1.08209763e-08  8.60286247e-06 
 1.24513767e-08  7.82335090e-07  1.24513767e-08  1.95198011e-05 
 1.42159543e-08  8.93202875e-07  1.42159543e-08  4.49150209e-05 
 1.60906364e-08  1.01098728e-06  1.60906364e-08  1.02011287e-04 
 1.81340802e-08  1.13937321e-06  1.81340802e-08  2.31892275e-04 
 2.03500766e-08  1.27859819e-06  2.03500766e-08  5.21458882e-04 
 2.27872605e-08  1.43171689e-06  2.27872605e-08  1.16671688e-03 
 2.54704831e-08  1.60028934e-06  2.54704831e-08  2.58421397e-03 
 2.84524627e-08  1.78762573e-06  2.84524627e-08  5.67628546e-03 
 3.12776398e-08  1.96510557e-06  3.12776398e-08  1.09592479e-02 
 3.44575664e-08  2.16486361e-06  3.44575664e-08  2.12030260e-02 
 3.78828350e-08  2.38002397e-06  3.78828350e-08  3.97427966e-02 
 4.19518251e-08  2.63560568e-06  4.19518251e-08  7.60245923e-02 
 4.63968502e-08  2.91478719e-06  4.63968502e-08  1.37852681e-01 
 5.12423651e-08  3.21909653e-06  5.12423651e-08  2.32057787e-01 
 5.58905037e-08  3.51098219e-06  5.58905037e-08  3.38564565e-01 
 6.00869684e-08  3.77447877e-06  6.00869684e-08  4.28143653e-01 
 6.42319473e-08  4.03471679e-06  6.42319473e-08  4.77938520e-01 
 6.89016308e-08  4.32786496e-06  6.89016308e-08  4.28910145e-01 
 7.33104604e-08  4.60460338e-06  7.33104604e-08  2.17749601e-01 
 7.74191444e-08  4.86247016e-06  7.74191444e-08 -1.71254358e-01 
 8.18669978e-08  5.14158710e-06  8.18669978e-08 -8.23103461e-01 
 8.64336038e-08  5.42811435e-06  8.64336038e-08 -1.68785639e+00 
 9.08476348e-08  5.70502598e-06  9.08476348e-08 -2.55288371e+00 
 9.36679302e-08  5.88193270e-06  9.36679302e-08 -3.02040269e+00 
 9.54084966e-08  5.99110283e-06  9.54084966e-08 -3.23507617e+00 
 9.70077014e-08  6.09140030e-06  9.70077014e-08 -3.35158965e+00 
 9.84486719e-08  6.18176850e-06  9.84486719e-08 -3.36763137e+00 
 1.00762204e-07  6.32684741e-06  1.00762204e-07 -3.15408309e+00 
 1.03692929e-07  6.51061053e-06  1.03692929e-07 -2.33162722e+00 
 1.05436972e-07  6.61995560e-06  1.05436972e-07 -1.50880697e+00 
 1.07150944e-07  6.72740753e-06  1.07150944e-07 -4.55774152e-01 
 1.09130757e-07  6.85151577e-06  1.09130757e-07  9.98527591e-01 
 1.12099602e-07  7.03760344e-06  1.12099602e-07  3.41382852e+00 
 1.14870475e-07  7.21126010e-06  1.14870475e-07  5.72859728e+00 
 1.17367058e-07  7.36770768e-06  1.17367058e-07  7.77846741e+00 
 1.19926721e-07  7.52808935e-06  1.19926721e-07  9.82865759e+00 
 1.21693424e-07  7.63877492e-06  1.21693424e-07  1.12225560e+01 
 1.23122773e-07  7.72831808e-06  1.23122773e-07  1.23453360e+01 
 1.24642082e-07  7.82349003e-06  1.24642082e-07  1.35402526e+01 
 1.26402277e-07  7.93374260e-06  1.26402277e-07  1.49304970e+01 
 1.28140505e-07  8.04260964e-06  1.28140505e-07  1.62916771e+01 
 1.29187034e-07  8.10815025e-06  1.29187034e-07  1.70602117e+01 
 1.29758038e-07  8.14390885e-06  1.29758038e-07  1.74460814e+01 
 1.30302255e-07  8.17798895e-06  1.30302255e-07  1.77783013e+01 
 1.30701742e-07  8.20300508e-06  1.30701742e-07  1.79949865e+01 
 1.31099367e-07  8.22790418e-06  1.31099367e-07  1.81849489e+01 
 1.31523888e-07  8.25448685e-06  1.31523888e-07  1.83583554e+01 
 1.31922641e-07  8.27945550e-06  1.31922641e-07  1.84938087e+01 
 1.32436495e-07  8.31163060e-06  1.32436495e-07  1.86310526e+01 
 1.32945541e-07  8.34350381e-06  1.32945541e-07  1.87288623e+01 
 1.33558112e-07  8.38185797e-06  1.33558112e-07  1.88028945e+01 
 1.34280830e-07  8.42710703e-06  1.34280830e-07  1.88407429e+01 
 1.35508979e-07  8.50399687e-06  1.35508979e-07  1.88255579e+01 
 1.36616886e-07  8.57335453e-06  1.36616886e-07  1.87649406e+01 
 1.37690748e-07  8.64057685e-06  1.37690748e-07  1.86951752e+01 
 1.38728745e-07  8.70555039e-06  1.38728745e-07  1.86374135e+01 
 1.39235975e-07  8.73729911e-06  1.39235975e-07  1.86153289e+01 
 1.39479253e-07  8.75252621e-06  1.39479253e-07  1.86062820e+01 
 1.39479769e-07  8.75255850e-06  1.39479769e-07  1.86062639e+01 
 1.39479898e-07  8.75256658e-06  1.39479898e-07  1.86062594e+01 
 1.39479898e-07  8.75256659e-06  1.39479898e-07  1.86062594e+01 
 1.39479899e-07  8.75256663e-06  1.39479899e-07  1.86062594e+01 
 1.39479900e-07  8.75256669e-06  1.39479900e-07  1.86062593e+01 
 1.39479902e-07  8.75256683e-06  1.39479902e-07  1.86062592e+01 
 1.39479902e-07  8.75256683e-06  1.39479902e-07  1.86062592e+01 
 1.39479902e-07  8.75256683e-06  1.39479902e-07  1.86062592e+01 
