 1.00000000e+00  8.60163599e+01  1.00000000e+00  8.41440966e-08 
 1.02329299e+00  8.60163599e+01  1.02329299e+00  8.61040662e-08 
 1.04712855e+00  8.60163599e+01  1.04712855e+00  8.81096871e-08 
 1.07151931e+00  8.60163599e+01  1.07151931e+00  9.01620215e-08 
 1.09647820e+00  8.60163599e+01  1.09647820e+00  9.22621665e-08 
 1.12201845e+00  8.60163599e+01  1.12201845e+00  9.44112304e-08 
 1.14815362e+00  8.60163599e+01  1.14815362e+00  9.66103439e-08 
 1.17489755e+00  8.60163599e+01  1.17489755e+00  9.88606953e-08 
 1.20226443e+00  8.60163599e+01  1.20226443e+00  1.01163455e-07 
 1.23026877e+00  8.60163599e+01  1.23026877e+00  1.03519856e-07 
 1.25892541e+00  8.60163599e+01  1.25892541e+00  1.05931139e-07 
 1.28824955e+00  8.60163599e+01  1.28824955e+00  1.08398591e-07 
 1.31825674e+00  8.60163599e+01  1.31825674e+00  1.10923524e-07 
 1.34896288e+00  8.60163599e+01  1.34896288e+00  1.13507264e-07 
 1.38038426e+00  8.60163599e+01  1.38038426e+00  1.16151187e-07 
 1.41253754e+00  8.60163599e+01  1.41253754e+00  1.18856694e-07 
 1.44543977e+00  8.60163599e+01  1.44543977e+00  1.21625228e-07 
 1.47910839e+00  8.60163599e+01  1.47910839e+00  1.24458234e-07 
 1.51356125e+00  8.60163599e+01  1.51356125e+00  1.27357250e-07 
 1.54881662e+00  8.60163599e+01  1.54881662e+00  1.30323775e-07 
 1.58489319e+00  8.60163599e+01  1.58489319e+00  1.33359396e-07 
 1.62181010e+00  8.60163599e+01  1.62181010e+00  1.36465744e-07 
 1.65958691e+00  8.60163599e+01  1.65958691e+00  1.39644442e-07 
 1.69824365e+00  8.60163599e+01  1.69824365e+00  1.42897178e-07 
 1.73780083e+00  8.60163599e+01  1.73780083e+00  1.46225672e-07 
 1.77827941e+00  8.60163599e+01  1.77827941e+00  1.49631718e-07 
 1.81970086e+00  8.60163599e+01  1.81970086e+00  1.53117087e-07 
 1.86208714e+00  8.60163599e+01  1.86208714e+00  1.56683651e-07 
 1.90546072e+00  8.60163599e+01  1.90546072e+00  1.60333267e-07 
 1.94984460e+00  8.60163599e+01  1.94984460e+00  1.64067913e-07 
 1.99526231e+00  8.60163599e+01  1.99526231e+00  1.67889543e-07 
 2.04173794e+00  8.60163599e+01  2.04173794e+00  1.71800189e-07 
 2.08929613e+00  8.60163599e+01  2.08929613e+00  1.75801932e-07 
 2.13796209e+00  8.60163599e+01  2.13796209e+00  1.79896890e-07 
 2.18776162e+00  8.60163599e+01  2.18776162e+00  1.84087226e-07 
 2.23872114e+00  8.60163599e+01  2.23872114e+00  1.88375174e-07 
 2.29086765e+00  8.60163599e+01  2.29086765e+00  1.92762976e-07 
 2.34422882e+00  8.60163599e+01  2.34422882e+00  1.97253016e-07 
 2.39883292e+00  8.60163599e+01  2.39883292e+00  2.01847628e-07 
 2.45470892e+00  8.60163599e+01  2.45470892e+00  2.06549269e-07 
 2.51188643e+00  8.60163599e+01  2.51188643e+00  2.11360407e-07 
 2.57039578e+00  8.60163599e+01  2.57039578e+00  2.16283637e-07 
 2.63026799e+00  8.60163599e+01  2.63026799e+00  2.21321529e-07 
 2.69153480e+00  8.60163599e+01  2.69153480e+00  2.26476771e-07 
 2.75422870e+00  8.60163599e+01  2.75422870e+00  2.31752075e-07 
 2.81838293e+00  8.60163599e+01  2.81838293e+00  2.37150284e-07 
 2.88403150e+00  8.60163599e+01  2.88403150e+00  2.42674227e-07 
 2.95120923e+00  8.60163599e+01  2.95120923e+00  2.48326828e-07 
 3.01995172e+00  8.60163599e+01  3.01995172e+00  2.54111107e-07 
 3.09029543e+00  8.60163599e+01  3.09029543e+00  2.60030132e-07 
 3.16227766e+00  8.60163599e+01  3.16227766e+00  2.66086998e-07 
 3.23593657e+00  8.60163599e+01  3.23593657e+00  2.72284960e-07 
 3.31131121e+00  8.60163599e+01  3.31131121e+00  2.78627286e-07 
 3.38844156e+00  8.60163599e+01  3.38844156e+00  2.85117349e-07 
 3.46736850e+00  8.60163599e+01  3.46736850e+00  2.91758594e-07 
 3.54813389e+00  8.60163599e+01  3.54813389e+00  2.98554530e-07 
 3.63078055e+00  8.60163599e+01  3.63078055e+00  3.05508730e-07 
 3.71535229e+00  8.60163599e+01  3.71535229e+00  3.12624966e-07 
 3.80189396e+00  8.60163599e+01  3.80189396e+00  3.19906939e-07 
 3.89045145e+00  8.60163599e+01  3.89045145e+00  3.27358536e-07 
 3.98107171e+00  8.60163599e+01  3.98107171e+00  3.34983679e-07 
 4.07380278e+00  8.60163599e+01  4.07380278e+00  3.42786442e-07 
 4.16869383e+00  8.60163599e+01  4.16869383e+00  3.50770980e-07 
 4.26579519e+00  8.60163599e+01  4.26579519e+00  3.58941484e-07 
 4.36515832e+00  8.60163599e+01  4.36515832e+00  3.67302307e-07 
 4.46683592e+00  8.60163599e+01  4.46683592e+00  3.75857861e-07 
 4.57088190e+00  8.60163599e+01  4.57088190e+00  3.84612727e-07 
 4.67735141e+00  8.60163599e+01  4.67735141e+00  3.93571516e-07 
 4.78630092e+00  8.60163599e+01  4.78630092e+00  4.02738971e-07 
 4.89778819e+00  8.60163599e+01  4.89778819e+00  4.12119962e-07 
 5.01187234e+00  8.60163599e+01  5.01187234e+00  4.21719475e-07 
 5.12861384e+00  8.60163599e+01  5.12861384e+00  4.31542588e-07 
 5.24807460e+00  8.60163599e+01  5.24807460e+00  4.41594467e-07 
 5.37031796e+00  8.60163599e+01  5.37031796e+00  4.51880573e-07 
 5.49540874e+00  8.60163599e+01  5.49540874e+00  4.62406212e-07 
 5.62341325e+00  8.60163599e+01  5.62341325e+00  4.73177006e-07 
 5.75439937e+00  8.60163599e+01  5.75439937e+00  4.84198762e-07 
 5.88843655e+00  8.60163599e+01  5.88843655e+00  4.95477170e-07 
 6.02559586e+00  8.60163599e+01  6.02559586e+00  5.07018282e-07 
 6.16595002e+00  8.60163599e+01  6.16595002e+00  5.18828283e-07 
 6.30957344e+00  8.60163599e+01  6.30957344e+00  5.30913349e-07 
 6.45654229e+00  8.60163599e+01  6.45654229e+00  5.43279899e-07 
 6.60693448e+00  8.60163599e+01  6.60693448e+00  5.55934508e-07 
 6.76082975e+00  8.60163599e+01  6.76082975e+00  5.68883903e-07 
 6.91830971e+00  8.60163599e+01  6.91830971e+00  5.82134921e-07 
 7.07945784e+00  8.60163599e+01  7.07945784e+00  5.95694587e-07 
 7.24435960e+00  8.60163599e+01  7.24435960e+00  6.09570103e-07 
 7.41310241e+00  8.60163599e+01  7.41310241e+00  6.23768797e-07 
 7.58577575e+00  8.60163599e+01  7.58577575e+00  6.38298250e-07 
 7.76247117e+00  8.60163599e+01  7.76247117e+00  6.53166101e-07 
 7.94328235e+00  8.60163599e+01  7.94328235e+00  6.68380301e-07 
 8.12830516e+00  8.60163599e+01  8.12830516e+00  6.83948919e-07 
 8.31763771e+00  8.60163599e+01  8.31763771e+00  6.99880133e-07 
 8.51138038e+00  8.60163599e+01  8.51138038e+00  7.16182406e-07 
 8.70963590e+00  8.60163599e+01  8.70963590e+00  7.32864432e-07 
 8.91250938e+00  8.60163599e+01  8.91250938e+00  7.49935024e-07 
 9.12010839e+00  8.60163599e+01  9.12010839e+00  7.67403272e-07 
 9.33254301e+00  8.60163599e+01  9.33254301e+00  7.85278378e-07 
 9.54992586e+00  8.60163599e+01  9.54992586e+00  8.03569903e-07 
 9.77237221e+00  8.60163599e+01  9.77237221e+00  8.22287430e-07 
 1.00000000e+01  8.60163599e+01  1.00000000e+01  8.41440942e-07 
 1.02329299e+01  8.60163599e+01  1.02329299e+01  8.61040599e-07 
 1.04712855e+01  8.60163599e+01  1.04712855e+01  8.81096855e-07 
 1.07151931e+01  8.60163599e+01  1.07151931e+01  9.01620221e-07 
 1.09647820e+01  8.60163599e+01  1.09647820e+01  9.22621701e-07 
 1.12201845e+01  8.60163599e+01  1.12201845e+01  9.44112328e-07 
 1.14815362e+01  8.60163599e+01  1.14815362e+01  9.66103486e-07 
 1.17489755e+01  8.60163599e+01  1.17489755e+01  9.88606949e-07 
 1.20226443e+01  8.60163599e+01  1.20226443e+01  1.01163455e-06 
 1.23026877e+01  8.60163599e+01  1.23026877e+01  1.03519856e-06 
 1.25892541e+01  8.60163599e+01  1.25892541e+01  1.05931144e-06 
 1.28824955e+01  8.60163599e+01  1.28824955e+01  1.08398596e-06 
 1.31825674e+01  8.60163599e+01  1.31825674e+01  1.10923522e-06 
 1.34896288e+01  8.60163599e+01  1.34896288e+01  1.13507260e-06 
 1.38038426e+01  8.60163599e+01  1.38038426e+01  1.16151181e-06 
 1.41253754e+01  8.60163599e+01  1.41253754e+01  1.18856698e-06 
 1.44543977e+01  8.60163599e+01  1.44543977e+01  1.21625227e-06 
 1.47910839e+01  8.60163599e+01  1.47910839e+01  1.24458237e-06 
 1.51356125e+01  8.60163599e+01  1.51356125e+01  1.27357245e-06 
 1.54881662e+01  8.60163599e+01  1.54881662e+01  1.30323771e-06 
 1.58489319e+01  8.60163599e+01  1.58489319e+01  1.33359403e-06 
 1.62181010e+01  8.60163599e+01  1.62181010e+01  1.36465740e-06 
 1.65958691e+01  8.60163599e+01  1.65958691e+01  1.39644438e-06 
 1.69824365e+01  8.60163599e+01  1.69824365e+01  1.42897174e-06 
 1.73780083e+01  8.60163599e+01  1.73780083e+01  1.46225680e-06 
 1.77827941e+01  8.60163599e+01  1.77827941e+01  1.49631718e-06 
 1.81970086e+01  8.60163599e+01  1.81970086e+01  1.53117086e-06 
 1.86208714e+01  8.60163599e+01  1.86208714e+01  1.56683640e-06 
 1.90546072e+01  8.60163599e+01  1.90546072e+01  1.60333274e-06 
 1.94984460e+01  8.60163599e+01  1.94984460e+01  1.64067907e-06 
 1.99526231e+01  8.60163599e+01  1.99526231e+01  1.67889541e-06 
 2.04173794e+01  8.60163599e+01  2.04173794e+01  1.71800181e-06 
 2.08929613e+01  8.60163599e+01  2.08929613e+01  1.75801937e-06 
 2.13796209e+01  8.60163599e+01  2.13796209e+01  1.79896895e-06 
 2.18776162e+01  8.60163599e+01  2.18776162e+01  1.84087220e-06 
 2.23872114e+01  8.60163599e+01  2.23872114e+01  1.88375161e-06 
 2.29086765e+01  8.60163599e+01  2.29086765e+01  1.92762988e-06 
 2.34422882e+01  8.60163599e+01  2.34422882e+01  1.97253025e-06 
 2.39883292e+01  8.60163599e+01  2.39883292e+01  2.01847626e-06 
 2.45470892e+01  8.60163599e+01  2.45470892e+01  2.06549259e-06 
 2.51188643e+01  8.60163599e+01  2.51188643e+01  2.11360412e-06 
 2.57039578e+01  8.60163599e+01  2.57039578e+01  2.16283626e-06 
 2.63026799e+01  8.60163599e+01  2.63026799e+01  2.21321524e-06 
 2.69153480e+01  8.60163599e+01  2.69153480e+01  2.26476752e-06 
 2.75422870e+01  8.60163599e+01  2.75422870e+01  2.31752077e-06 
 2.81838293e+01  8.60163599e+01  2.81838293e+01  2.37150279e-06 
 2.88403150e+01  8.60163599e+01  2.88403150e+01  2.42674224e-06 
 2.95120923e+01  8.60163599e+01  2.95120923e+01  2.48326829e-06 
 3.01995172e+01  8.60163599e+01  3.01995172e+01  2.54111096e-06 
 3.09029543e+01  8.60163599e+01  3.09029543e+01  2.60030103e-06 
 3.16227766e+01  8.60163599e+01  3.16227766e+01  2.66086993e-06 
 3.23593657e+01  8.60163599e+01  3.23593657e+01  2.72284930e-06 
 3.31131121e+01  8.60163599e+01  3.31131121e+01  2.78627280e-06 
 3.38844156e+01  8.60163599e+01  3.38844156e+01  2.85117340e-06 
 3.46736850e+01  8.60163599e+01  3.46736850e+01  2.91758577e-06 
 3.54813389e+01  8.60163599e+01  3.54813389e+01  2.98554499e-06 
 3.63078055e+01  8.60163599e+01  3.63078055e+01  3.05508715e-06 
 3.71535229e+01  8.60163599e+01  3.71535229e+01  3.12624945e-06 
 3.80189396e+01  8.60163599e+01  3.80189396e+01  3.19906913e-06 
 3.89045145e+01  8.60163599e+01  3.89045145e+01  3.27358500e-06 
 3.98107171e+01  8.60163599e+01  3.98107171e+01  3.34983650e-06 
 4.07380278e+01  8.60163599e+01  4.07380278e+01  3.42786423e-06 
 4.16869383e+01  8.60163599e+01  4.16869383e+01  3.50770960e-06 
 4.26579519e+01  8.60163599e+01  4.26579519e+01  3.58941434e-06 
 4.36515832e+01  8.60163599e+01  4.36515832e+01  3.67302280e-06 
 4.46683592e+01  8.60163599e+01  4.46683592e+01  3.75857848e-06 
 4.57088190e+01  8.60163599e+01  4.57088190e+01  3.84612701e-06 
 4.67735141e+01  8.60163599e+01  4.67735141e+01  3.93571481e-06 
 4.78630092e+01  8.60163599e+01  4.78630092e+01  4.02738923e-06 
 4.89778819e+01  8.60163599e+01  4.89778819e+01  4.12119921e-06 
 5.01187234e+01  8.60163599e+01  5.01187234e+01  4.21719434e-06 
 5.12861384e+01  8.60163599e+01  5.12861384e+01  4.31542506e-06 
 5.24807460e+01  8.60163599e+01  5.24807460e+01  4.41594441e-06 
 5.37031796e+01  8.60163599e+01  5.37031796e+01  4.51880498e-06 
 5.49540874e+01  8.60163599e+01  5.49540874e+01  4.62406120e-06 
 5.62341325e+01  8.60163599e+01  5.62341325e+01  4.73176976e-06 
 5.75439937e+01  8.60163599e+01  5.75439937e+01  4.84198685e-06 
 5.88843655e+01  8.60163599e+01  5.88843655e+01  4.95477146e-06 
 6.02559586e+01  8.60163599e+01  6.02559586e+01  5.07018267e-06 
 6.16595002e+01  8.60163599e+01  6.16595002e+01  5.18828245e-06 
 6.30957344e+01  8.60163599e+01  6.30957344e+01  5.30913280e-06 
 6.45654229e+01  8.60163599e+01  6.45654229e+01  5.43279867e-06 
 6.60693448e+01  8.60163599e+01  6.60693448e+01  5.55934474e-06 
 6.76082975e+01  8.60163599e+01  6.76082975e+01  5.68883796e-06 
 6.91830971e+01  8.60163599e+01  6.91830971e+01  5.82134805e-06 
 7.07945784e+01  8.60163599e+01  7.07945784e+01  5.95694508e-06 
 7.24435960e+01  8.60163599e+01  7.24435960e+01  6.09569977e-06 
 7.41310241e+01  8.60163599e+01  7.41310241e+01  6.23768669e-06 
 7.58577575e+01  8.60163599e+01  7.58577575e+01  6.38298118e-06 
 7.76247117e+01  8.60163599e+01  7.76247117e+01  6.53165986e-06 
 7.94328235e+01  8.60163599e+01  7.94328235e+01  6.68380187e-06 
 8.12830516e+01  8.60163599e+01  8.12830516e+01  6.83948723e-06 
 8.31763771e+01  8.60163599e+01  8.31763771e+01  6.99879942e-06 
 8.51138038e+01  8.60163599e+01  8.51138038e+01  7.16182242e-06 
 8.70963590e+01  8.60163599e+01  8.70963590e+01  7.32864239e-06 
 8.91250938e+01  8.60163599e+01  8.91250938e+01  7.49934845e-06 
 9.12010839e+01  8.60163599e+01  9.12010839e+01  7.67403060e-06 
 9.33254301e+01  8.60163599e+01  9.33254301e+01  7.85278171e-06 
 9.54992586e+01  8.60163599e+01  9.54992586e+01  8.03569626e-06 
 9.77237221e+01  8.60163599e+01  9.77237221e+01  8.22287126e-06 
 1.00000000e+02  8.60163599e+01  1.00000000e+02  8.41440654e-06 
 1.02329299e+02  8.60163599e+01  1.02329299e+02  8.61040339e-06 
 1.04712855e+02  8.60163599e+01  1.04712855e+02  8.81096537e-06 
 1.07151931e+02  8.60163599e+01  1.07151931e+02  9.01619872e-06 
 1.09647820e+02  8.60163599e+01  1.09647820e+02  9.22621325e-06 
 1.12201845e+02  8.60163599e+01  1.12201845e+02  9.44111858e-06 
 1.14815362e+02  8.60163599e+01  1.14815362e+02  9.66103073e-06 
 1.17489755e+02  8.60163599e+01  1.17489755e+02  9.88606416e-06 
 1.20226443e+02  8.60163599e+01  1.20226443e+02  1.01163406e-05 
 1.23026877e+02  8.60163599e+01  1.23026877e+02  1.03519798e-05 
 1.25892541e+02  8.60163599e+01  1.25892541e+02  1.05931090e-05 
 1.28824955e+02  8.60163599e+01  1.28824955e+02  1.08398533e-05 
 1.31825674e+02  8.60163599e+01  1.31825674e+02  1.10923453e-05 
 1.34896288e+02  8.60163599e+01  1.34896288e+02  1.13507192e-05 
 1.38038426e+02  8.60163599e+01  1.38038426e+02  1.16151109e-05 
 1.41253754e+02  8.60163599e+01  1.41253754e+02  1.18856607e-05 
 1.44543977e+02  8.60163599e+01  1.44543977e+02  1.21625135e-05 
 1.47910839e+02  8.60163599e+01  1.47910839e+02  1.24458143e-05 
 1.51356125e+02  8.60163599e+01  1.51356125e+02  1.27357140e-05 
 1.54881662e+02  8.60163599e+01  1.54881662e+02  1.30323671e-05 
 1.58489319e+02  8.60163599e+01  1.58489319e+02  1.33359287e-05 
 1.62181010e+02  8.60163599e+01  1.62181010e+02  1.36465623e-05 
 1.65958691e+02  8.60163599e+01  1.65958691e+02  1.39644312e-05 
 1.69824365e+02  8.60163599e+01  1.69824365e+02  1.42897032e-05 
 1.73780083e+02  8.60163599e+01  1.73780083e+02  1.46225530e-05 
 1.77827941e+02  8.60163599e+01  1.77827941e+02  1.49631559e-05 
 1.81970086e+02  8.60163599e+01  1.81970086e+02  1.53116915e-05 
 1.86208714e+02  8.60163599e+01  1.86208714e+02  1.56683450e-05 
 1.90546072e+02  8.60163599e+01  1.90546072e+02  1.60333064e-05 
 1.94984460e+02  8.60163599e+01  1.94984460e+02  1.64067699e-05 
 1.99526231e+02  8.60163599e+01  1.99526231e+02  1.67889315e-05 
 2.04173794e+02  8.60163599e+01  2.04173794e+02  1.71799953e-05 
 2.08929613e+02  8.60163599e+01  2.08929613e+02  1.75801677e-05 
 2.13796209e+02  8.60163599e+01  2.13796209e+02  1.79896613e-05 
 2.18776162e+02  8.60163599e+01  2.18776162e+02  1.84086928e-05 
 2.23872114e+02  8.60163599e+01  2.23872114e+02  1.88374832e-05 
 2.29086765e+02  8.60163599e+01  2.29086765e+02  1.92762656e-05 
 2.34422882e+02  8.60163599e+01  2.34422882e+02  1.97252635e-05 
 2.39883292e+02  8.60163599e+01  2.39883292e+02  2.01847229e-05 
 2.45470892e+02  8.60163599e+01  2.45470892e+02  2.06548836e-05 
 2.51188643e+02  8.60163599e+01  2.51188643e+02  2.11359970e-05 
 2.57039578e+02  8.60163599e+01  2.57039578e+02  2.16283158e-05 
 2.63026799e+02  8.60163599e+01  2.63026799e+02  2.21321006e-05 
 2.69153480e+02  8.60163599e+01  2.69153480e+02  2.26476207e-05 
 2.75422870e+02  8.60163599e+01  2.75422870e+02  2.31751483e-05 
 2.81838293e+02  8.60163599e+01  2.81838293e+02  2.37149656e-05 
 2.88403150e+02  8.60163599e+01  2.88403150e+02  2.42673541e-05 
 2.95120923e+02  8.60163599e+01  2.95120923e+02  2.48326091e-05 
 3.01995172e+02  8.60163599e+01  3.01995172e+02  2.54110327e-05 
 3.09029543e+02  8.60163599e+01  3.09029543e+02  2.60029276e-05 
 3.16227766e+02  8.60163599e+01  3.16227766e+02  2.66086098e-05 
 3.23593657e+02  8.60163599e+01  3.23593657e+02  2.72283989e-05 
 3.31131121e+02  8.60163599e+01  3.31131121e+02  2.78626254e-05 
 3.38844156e+02  8.60163599e+01  3.38844156e+02  2.85116249e-05 
 3.46736850e+02  8.60163599e+01  3.46736850e+02  2.91757400e-05 
 3.54813389e+02  8.60163599e+01  3.54813389e+02  2.98553245e-05 
 3.63078055e+02  8.60163599e+01  3.63078055e+02  3.05507368e-05 
 3.71535229e+02  8.60163599e+01  3.71535229e+02  3.12623514e-05 
 3.80189396e+02  8.60163599e+01  3.80189396e+02  3.19905362e-05 
 3.89045145e+02  8.60163599e+01  3.89045145e+02  3.27356835e-05 
 3.98107171e+02  8.60163599e+01  3.98107171e+02  3.34981890e-05 
 4.07380278e+02  8.60163599e+01  4.07380278e+02  3.42784505e-05 
 4.16869383e+02  8.60163599e+01  4.16869383e+02  3.50768917e-05 
 4.26579519e+02  8.60163599e+01  4.26579519e+02  3.58939261e-05 
 4.36515832e+02  8.60163599e+01  4.36515832e+02  3.67299915e-05 
 4.46683592e+02  8.60163599e+01  4.46683592e+02  3.75855344e-05 
 4.57088190e+02  8.60163599e+01  4.57088190e+02  3.84610006e-05 
 4.67735141e+02  8.60163599e+01  4.67735141e+02  3.93568585e-05 
 4.78630092e+02  8.60163599e+01  4.78630092e+02  4.02735854e-05 
 4.89778819e+02  8.60163599e+01  4.89778819e+02  4.12116611e-05 
 5.01187234e+02  8.60163599e+01  5.01187234e+02  4.21715875e-05 
 5.12861384e+02  8.60163599e+01  5.12861384e+02  4.31538755e-05 
 5.24807460e+02  8.60163599e+01  5.24807460e+02  4.41590399e-05 
 5.37031796e+02  8.60163599e+01  5.37031796e+02  4.51876137e-05 
 5.49540874e+02  8.60163599e+01  5.49540874e+02  4.62401479e-05 
 5.62341325e+02  8.60163599e+01  5.62341325e+02  4.73171946e-05 
 5.75439937e+02  8.60163599e+01  5.75439937e+02  4.84193334e-05 
 5.88843655e+02  8.60163599e+01  5.88843655e+02  4.95471381e-05 
 6.02559586e+02  8.60163599e+01  6.02559586e+02  5.07012085e-05 
 6.16595002e+02  8.60163599e+01  6.16595002e+02  5.18821604e-05 
 6.30957344e+02  8.60163599e+01  6.30957344e+02  5.30906229e-05 
 6.45654229e+02  8.60163599e+01  6.45654229e+02  5.43272257e-05 
 6.60693448e+02  8.60163599e+01  6.60693448e+02  5.55926350e-05 
 6.76082975e+02  8.60163599e+01  6.76082975e+02  5.68875090e-05 
 6.91830971e+02  8.60163599e+01  6.91830971e+02  5.82125483e-05 
 7.07945784e+02  8.60163599e+01  7.07945784e+02  5.95684509e-05 
 7.24435960e+02  8.60163599e+01  7.24435960e+02  6.09559257e-05 
 7.41310241e+02  8.60163599e+01  7.41310241e+02  6.23757237e-05 
 7.58577575e+02  8.60163599e+01  7.58577575e+02  6.38285800e-05 
 7.76247117e+02  8.60163599e+01  7.76247117e+02  6.53152833e-05 
 7.94328235e+02  8.60163599e+01  7.94328235e+02  6.68366042e-05 
 8.12830516e+02  8.60163599e+01  8.12830516e+02  6.83933630e-05 
 8.31763771e+02  8.60163599e+01  8.31763771e+02  6.99863735e-05 
 8.51138038e+02  8.60163599e+01  8.51138038e+02  7.16164864e-05 
 8.70963590e+02  8.60163599e+01  8.70963590e+02  7.32845659e-05 
 8.91250938e+02  8.60163599e+01  8.91250938e+02  7.49914855e-05 
 9.12010839e+02  8.60163599e+01  9.12010839e+02  7.67381653e-05 
 9.33254301e+02  8.60163599e+01  9.33254301e+02  7.85255300e-05 
 9.54992586e+02  8.60163599e+01  9.54992586e+02  8.03545163e-05 
 9.77237221e+02  8.60163599e+01  9.77237221e+02  8.22260868e-05 
 1.00000000e+03  8.60163599e+01  1.00000000e+03  8.41412501e-05 
 1.02329299e+03  8.60163599e+01  1.02329299e+03  8.61010165e-05 
 1.04712855e+03  8.60163599e+01  1.04712855e+03  8.81064198e-05 
 1.07151931e+03  8.60163599e+01  1.07151931e+03  9.01585212e-05 
 1.09647820e+03  8.60163599e+01  1.09647820e+03  9.22584170e-05 
 1.12201845e+03  8.60163599e+01  1.12201845e+03  9.44072080e-05 
 1.14815362e+03  8.60163599e+01  1.14815362e+03  9.66060417e-05 
 1.17489755e+03  8.60163599e+01  1.17489755e+03  9.88560756e-05 
 1.20226443e+03  8.60163599e+01  1.20226443e+03  1.01158509e-04 
 1.23026877e+03  8.60163599e+01  1.23026877e+03  1.03514551e-04 
 1.25892541e+03  8.60163600e+01  1.25892541e+03  1.05925465e-04 
 1.28824955e+03  8.60163600e+01  1.28824955e+03  1.08392508e-04 
 1.31825674e+03  8.60163600e+01  1.31825674e+03  1.10917008e-04 
 1.34896288e+03  8.60163600e+01  1.34896288e+03  1.13500277e-04 
 1.38038426e+03  8.60163600e+01  1.38038426e+03  1.16143707e-04 
 1.41253754e+03  8.60163600e+01  1.41253754e+03  1.18848682e-04 
 1.44543977e+03  8.60163600e+01  1.44543977e+03  1.21616629e-04 
 1.47910839e+03  8.60163600e+01  1.47910839e+03  1.24449031e-04 
 1.51356125e+03  8.60163600e+01  1.51356125e+03  1.27347380e-04 
 1.54881662e+03  8.60163600e+01  1.54881662e+03  1.30313201e-04 
 1.58489319e+03  8.60163600e+01  1.58489319e+03  1.33348079e-04 
 1.62181010e+03  8.60163600e+01  1.62181010e+03  1.36453611e-04 
 1.65958691e+03  8.60163600e+01  1.65958691e+03  1.39631435e-04 
 1.69824365e+03  8.60163600e+01  1.69824365e+03  1.42883242e-04 
 1.73780083e+03  8.60163600e+01  1.73780083e+03  1.46210745e-04 
 1.77827941e+03  8.60163600e+01  1.77827941e+03  1.49615720e-04 
 1.81970086e+03  8.60163600e+01  1.81970086e+03  1.53099952e-04 
 1.86208714e+03  8.60163601e+01  1.86208714e+03  1.56665274e-04 
 1.90546072e+03  8.60163601e+01  1.90546072e+03  1.60313589e-04 
 1.94984460e+03  8.60163601e+01  1.94984460e+03  1.64046817e-04 
 1.99526231e+03  8.60163601e+01  1.99526231e+03  1.67866940e-04 
 2.04173794e+03  8.60163601e+01  2.04173794e+03  1.71775988e-04 
 2.08929613e+03  8.60163601e+01  2.08929613e+03  1.75775998e-04 
 2.13796209e+03  8.60163601e+01  2.13796209e+03  1.79869086e-04 
 2.18776162e+03  8.60163601e+01  2.18776162e+03  1.84057431e-04 
 2.23872114e+03  8.60163601e+01  2.23872114e+03  1.88343252e-04 
 2.29086765e+03  8.60163602e+01  2.29086765e+03  1.92728781e-04 
 2.34422882e+03  8.60163602e+01  2.34422882e+03  1.97216382e-04 
 2.39883292e+03  8.60163602e+01  2.39883292e+03  2.01808357e-04 
 2.45470892e+03  8.60163602e+01  2.45470892e+03  2.06507190e-04 
 2.51188643e+03  8.60163602e+01  2.51188643e+03  2.11315335e-04 
 2.57039578e+03  8.60163602e+01  2.57039578e+03  2.16235334e-04 
 2.63026799e+03  8.60163603e+01  2.63026799e+03  2.21269777e-04 
 2.69153480e+03  8.60163603e+01  2.69153480e+03  2.26421312e-04 
 2.75422870e+03  8.60163603e+01  2.75422870e+03  2.31692658e-04 
 2.81838293e+03  8.60163603e+01  2.81838293e+03  2.37086608e-04 
 2.88403150e+03  8.60163603e+01  2.88403150e+03  2.42606023e-04 
 2.95120923e+03  8.60163604e+01  2.95120923e+03  2.48253721e-04 
 3.01995172e+03  8.60163604e+01  3.01995172e+03  2.54032782e-04 
 3.09029543e+03  8.60163604e+01  3.09029543e+03  2.59946191e-04 
 3.16227766e+03  8.60163604e+01  3.16227766e+03  2.65997070e-04 
 3.23593657e+03  8.60163605e+01  3.23593657e+03  2.72188597e-04 
 3.31131121e+03  8.60163605e+01  3.31131121e+03  2.78524058e-04 
 3.38844156e+03  8.60163605e+01  3.38844156e+03  2.85006738e-04 
 3.46736850e+03  8.60163605e+01  3.46736850e+03  2.91640081e-04 
 3.54813389e+03  8.60163606e+01  3.54813389e+03  2.98427541e-04 
 3.63078055e+03  8.60163606e+01  3.63078055e+03  3.05372711e-04 
 3.71535229e+03  8.60163606e+01  3.71535229e+03  3.12479170e-04 
 3.80189396e+03  8.60163607e+01  3.80189396e+03  3.19750745e-04 
 3.89045145e+03  8.60163607e+01  3.89045145e+03  3.27191165e-04 
 3.98107171e+03  8.60163608e+01  3.98107171e+03  3.34804334e-04 
 4.07380278e+03  8.60163608e+01  4.07380278e+03  3.42594315e-04 
 4.16869383e+03  8.60163608e+01  4.16869383e+03  3.50565097e-04 
 4.26579519e+03  8.60163609e+01  4.26579519e+03  3.58720895e-04 
 4.36515832e+03  8.60163609e+01  4.36515832e+03  3.67065961e-04 
 4.46683592e+03  8.60163610e+01  4.46683592e+03  3.75604644e-04 
 4.57088190e+03  8.60163610e+01  4.57088190e+03  3.84341404e-04 
 4.67735141e+03  8.60163611e+01  4.67735141e+03  3.93280831e-04 
 4.78630092e+03  8.60163612e+01  4.78630092e+03  4.02427499e-04 
 4.89778819e+03  8.60163612e+01  4.89778819e+03  4.11786240e-04 
 5.01187234e+03  8.60163613e+01  5.01187234e+03  4.21361891e-04 
 5.12861384e+03  8.60163613e+01  5.12861384e+03  4.31159460e-04 
 5.24807460e+03  8.60163614e+01  5.24807460e+03  4.41184051e-04 
 5.37031796e+03  8.60163615e+01  5.37031796e+03  4.51440787e-04 
 5.49540874e+03  8.60163616e+01  5.49540874e+03  4.61935022e-04 
 5.62341325e+03  8.60163616e+01  5.62341325e+03  4.72672211e-04 
 5.75439937e+03  8.60163617e+01  5.75439937e+03  4.83657886e-04 
 5.88843655e+03  8.60163618e+01  5.88843655e+03  4.94897684e-04 
 6.02559586e+03  8.60163619e+01  6.02559586e+03  5.06397461e-04 
 6.16595002e+03  8.60163620e+01  6.16595002e+03  5.18163102e-04 
 6.30957344e+03  8.60163621e+01  6.30957344e+03  5.30200712e-04 
 6.45654229e+03  8.60163622e+01  6.45654229e+03  5.42516378e-04 
 6.60693448e+03  8.60163623e+01  6.60693448e+03  5.55116523e-04 
 6.76082975e+03  8.60163624e+01  6.76082975e+03  5.68007503e-04 
 6.91830971e+03  8.60163626e+01  6.91830971e+03  5.81196038e-04 
 7.07945784e+03  8.60163627e+01  7.07945784e+03  5.94688712e-04 
 7.24435960e+03  8.60163628e+01  7.24435960e+03  6.08492446e-04 
 7.41310241e+03  8.60163630e+01  7.41310241e+03  6.22614310e-04 
 7.58577575e+03  8.60163631e+01  7.58577575e+03  6.37061407e-04 
 7.76247117e+03  8.60163632e+01  7.76247117e+03  6.51841065e-04 
 7.94328235e+03  8.60163634e+01  7.94328235e+03  6.66960805e-04 
 8.12830516e+03  8.60163636e+01  8.12830516e+03  6.82428168e-04 
 8.31763771e+03  8.60163637e+01  8.31763771e+03  6.98251007e-04 
 8.51138038e+03  8.60163639e+01  8.51138038e+03  7.14437202e-04 
 8.70963590e+03  8.60163641e+01  8.70963590e+03  7.30994924e-04 
 8.91250938e+03  8.60163643e+01  8.91250938e+03  7.47932254e-04 
 9.12010839e+03  8.60163645e+01  9.12010839e+03  7.65257853e-04 
 9.33254301e+03  8.60163647e+01  9.33254301e+03  7.82980236e-04 
 9.54992586e+03  8.60163650e+01  9.54992586e+03  8.01108099e-04 
 9.77237221e+03  8.60163652e+01  9.77237221e+03  8.19650372e-04 
 1.00000000e+04  8.60163655e+01  1.00000000e+04  8.38616251e-04 
 1.02329299e+04  8.60163657e+01  1.02329299e+04  8.58014951e-04 
 1.04712855e+04  8.60163660e+01  1.04712855e+04  8.77855905e-04 
 1.07151931e+04  8.60163663e+01  1.07151931e+04  8.98148836e-04 
 1.09647820e+04  8.60163666e+01  1.09647820e+04  9.18903424e-04 
 1.12201845e+04  8.60163669e+01  1.12201845e+04  9.40129766e-04 
 1.14815362e+04  8.60163672e+01  1.14815362e+04  9.61838014e-04 
 1.17489755e+04  8.60163676e+01  1.17489755e+04  9.84038367e-04 
 1.20226443e+04  8.60163679e+01  1.20226443e+04  1.00674156e-03 
 1.23026877e+04  8.60163683e+01  1.23026877e+04  1.02995820e-03 
 1.25892541e+04  8.60163687e+01  1.25892541e+04  1.05369921e-03 
 1.28824955e+04  8.60163691e+01  1.28824955e+04  1.07797565e-03 
 1.31825674e+04  8.60163696e+01  1.31825674e+04  1.10279876e-03 
 1.34896288e+04  8.60163700e+01  1.34896288e+04  1.12817986e-03 
 1.38038426e+04  8.60163705e+01  1.38038426e+04  1.15413068e-03 
 1.41253754e+04  8.60163710e+01  1.41253754e+04  1.18066303e-03 
 1.44543977e+04  8.60163715e+01  1.44543977e+04  1.20778886e-03 
 1.47910839e+04  8.60163720e+01  1.47910839e+04  1.23552019e-03 
 1.51356125e+04  8.60163726e+01  1.51356125e+04  1.26386929e-03 
 1.54881662e+04  8.60163732e+01  1.54881662e+04  1.29284870e-03 
 1.58489319e+04  8.60163738e+01  1.58489319e+04  1.32247111e-03 
 1.62181010e+04  8.60163745e+01  1.62181010e+04  1.35274925e-03 
 1.65958691e+04  8.60163751e+01  1.65958691e+04  1.38369578e-03 
 1.69824365e+04  8.60163758e+01  1.69824365e+04  1.41532414e-03 
 1.73780083e+04  8.60163766e+01  1.73780083e+04  1.44764739e-03 
 1.77827941e+04  8.60163773e+01  1.77827941e+04  1.48067895e-03 
 1.81970086e+04  8.60163782e+01  1.81970086e+04  1.51443202e-03 
 1.86208714e+04  8.60163790e+01  1.86208714e+04  1.54892057e-03 
 1.90546072e+04  8.60163799e+01  1.90546072e+04  1.58415800e-03 
 1.94984460e+04  8.60163808e+01  1.94984460e+04  1.62015806e-03 
 1.99526231e+04  8.60163818e+01  1.99526231e+04  1.65693495e-03 
 2.04173794e+04  8.60163828e+01  2.04173794e+04  1.69450232e-03 
 2.08929613e+04  8.60163838e+01  2.08929613e+04  1.73287431e-03 
 2.13796209e+04  8.60163849e+01  2.13796209e+04  1.77206511e-03 
 2.18776162e+04  8.60163860e+01  2.18776162e+04  1.81208846e-03 
 2.23872114e+04  8.60163872e+01  2.23872114e+04  1.85295865e-03 
 2.29086765e+04  8.60163885e+01  2.29086765e+04  1.89468986e-03 
 2.34422882e+04  8.60163898e+01  2.34422882e+04  1.93729611e-03 
 2.39883292e+04  8.60163912e+01  2.39883292e+04  1.98079146e-03 
 2.45470892e+04  8.60163926e+01  2.45470892e+04  2.02518978e-03 
 2.51188643e+04  8.60163940e+01  2.51188643e+04  2.07050547e-03 
 2.57039578e+04  8.60163956e+01  2.57039578e+04  2.11675166e-03 
 2.63026799e+04  8.60163972e+01  2.63026799e+04  2.16394265e-03 
 2.69153480e+04  8.60163989e+01  2.69153480e+04  2.21209181e-03 
 2.75422870e+04  8.60164006e+01  2.75422870e+04  2.26121240e-03 
 2.81838293e+04  8.60164025e+01  2.81838293e+04  2.31131780e-03 
 2.88403150e+04  8.60164044e+01  2.88403150e+04  2.36242095e-03 
 2.95120923e+04  8.60164063e+01  2.95120923e+04  2.41453463e-03 
 3.01995172e+04  8.60164084e+01  3.01995172e+04  2.46767115e-03 
 3.09029543e+04  8.60164106e+01  3.09029543e+04  2.52184282e-03 
 3.16227766e+04  8.60164128e+01  3.16227766e+04  2.57706115e-03 
 3.23593657e+04  8.60164151e+01  3.23593657e+04  2.63333790e-03 
 3.31131121e+04  8.60164176e+01  3.31131121e+04  2.69068400e-03 
 3.38844156e+04  8.60164201e+01  3.38844156e+04  2.74911014e-03 
 3.46736850e+04  8.60164227e+01  3.46736850e+04  2.80862647e-03 
 3.54813389e+04  8.60164255e+01  3.54813389e+04  2.86924278e-03 
 3.63078055e+04  8.60164283e+01  3.63078055e+04  2.93096782e-03 
 3.71535229e+04  8.60164313e+01  3.71535229e+04  2.99381082e-03 
 3.80189396e+04  8.60164343e+01  3.80189396e+04  3.05777925e-03 
 3.89045145e+04  8.60164375e+01  3.89045145e+04  3.12288108e-03 
 3.98107171e+04  8.60164408e+01  3.98107171e+04  3.18912303e-03 
 4.07380278e+04  8.60164443e+01  4.07380278e+04  3.25651131e-03 
 4.16869383e+04  8.60164478e+01  4.16869383e+04  3.32505139e-03 
 4.26579519e+04  8.60164515e+01  4.26579519e+04  3.39474837e-03 
 4.36515832e+04  8.60164554e+01  4.36515832e+04  3.46560680e-03 
 4.46683592e+04  8.60164594e+01  4.46683592e+04  3.53762980e-03 
 4.57088190e+04  8.60164635e+01  4.57088190e+04  3.61082083e-03 
 4.67735141e+04  8.60164678e+01  4.67735141e+04  3.68518191e-03 
 4.78630092e+04  8.60164722e+01  4.78630092e+04  3.76071511e-03 
 4.89778819e+04  8.60164768e+01  4.89778819e+04  3.83742124e-03 
 5.01187234e+04  8.60164815e+01  5.01187234e+04  3.91530112e-03 
 5.12861384e+04  8.60164864e+01  5.12861384e+04  3.99435480e-03 
 5.24807460e+04  8.60164915e+01  5.24807460e+04  4.07458119e-03 
 5.37031796e+04  8.60164967e+01  5.37031796e+04  4.15598048e-03 
 5.49540874e+04  8.60165021e+01  5.49540874e+04  4.23855118e-03 
 5.62341325e+04  8.60165076e+01  5.62341325e+04  4.32229149e-03 
 5.75439937e+04  8.60165134e+01  5.75439937e+04  4.40720080e-03 
 5.88843655e+04  8.60165193e+01  5.88843655e+04  4.49327625e-03 
 6.02559586e+04  8.60165254e+01  6.02559586e+04  4.58051756e-03 
 6.16595002e+04  8.60165316e+01  6.16595002e+04  4.66892339e-03 
 6.30957344e+04  8.60165381e+01  6.30957344e+04  4.75849315e-03 
 6.45654229e+04  8.60165447e+01  6.45654229e+04  4.84922648e-03 
 6.60693448e+04  8.60165515e+01  6.60693448e+04  4.94112361e-03 
 6.76082975e+04  8.60165585e+01  6.76082975e+04  5.03418714e-03 
 6.91830971e+04  8.60165657e+01  6.91830971e+04  5.12841950e-03 
 7.07945784e+04  8.60165731e+01  7.07945784e+04  5.22382412e-03 
 7.24435960e+04  8.60165806e+01  7.24435960e+04  5.32040881e-03 
 7.41310241e+04  8.60165883e+01  7.41310241e+04  5.41817917e-03 
 7.58577575e+04  8.60165963e+01  7.58577575e+04  5.51714706e-03 
 7.76247117e+04  8.60166044e+01  7.76247117e+04  5.61732462e-03 
 7.94328235e+04  8.60166126e+01  7.94328235e+04  5.71872682e-03 
 8.12830516e+04  8.60166211e+01  8.12830516e+04  5.82137169e-03 
 8.31763771e+04  8.60166297e+01  8.31763771e+04  5.92528156e-03 
 8.51138038e+04  8.60166386e+01  8.51138038e+04  6.03048192e-03 
 8.70963590e+04  8.60166476e+01  8.70963590e+04  6.13700007e-03 
 8.91250938e+04  8.60166567e+01  8.91250938e+04  6.24487330e-03 
 9.12010839e+04  8.60166661e+01  9.12010839e+04  6.35413601e-03 
 9.33254301e+04  8.60166756e+01  9.33254301e+04  6.46483147e-03 
 9.54992586e+04  8.60166853e+01  9.54992586e+04  6.57700818e-03 
 9.77237221e+04  8.60166951e+01  9.77237221e+04  6.69071955e-03 
 1.00000000e+05  8.60167052e+01  1.00000000e+05  6.80602299e-03 
 1.02329299e+05  8.60167154e+01  1.02329299e+05  6.92298253e-03 
 1.04712855e+05  8.60167257e+01  1.04712855e+05  7.04166971e-03 
 1.07151931e+05  8.60167362e+01  1.07151931e+05  7.16215766e-03 
 1.09647820e+05  8.60167469e+01  1.09647820e+05  7.28453505e-03 
 1.12201845e+05  8.60167578e+01  1.12201845e+05  7.40888336e-03 
 1.14815362e+05  8.60167688e+01  1.14815362e+05  7.53530068e-03 
 1.17489755e+05  8.60167799e+01  1.17489755e+05  7.66389063e-03 
 1.20226443e+05  8.60167913e+01  1.20226443e+05  7.79475856e-03 
 1.23026877e+05  8.60168028e+01  1.23026877e+05  7.92801932e-03 
 1.25892541e+05  8.60168145e+01  1.25892541e+05  8.06379167e-03 
 1.28824955e+05  8.60168264e+01  1.28824955e+05  8.20220608e-03 
 1.31825674e+05  8.60168384e+01  1.31825674e+05  8.34339614e-03 
 1.34896288e+05  8.60168507e+01  1.34896288e+05  8.48749694e-03 
 1.38038426e+05  8.60168631e+01  1.38038426e+05  8.63465848e-03 
 1.41253754e+05  8.60168758e+01  1.41253754e+05  8.78502566e-03 
 1.44543977e+05  8.60168887e+01  1.44543977e+05  8.93876321e-03 
 1.47910839e+05  8.60169018e+01  1.47910839e+05  9.09602588e-03 
 1.51356125e+05  8.60169151e+01  1.51356125e+05  9.25698205e-03 
 1.54881662e+05  8.60169287e+01  1.54881662e+05  9.42181251e-03 
 1.58489319e+05  8.60169426e+01  1.58489319e+05  9.59068316e-03 
 1.62181010e+05  8.60169568e+01  1.62181010e+05  9.76377682e-03 
 1.65958691e+05  8.60169713e+01  1.65958691e+05  9.94128530e-03 
 1.69824365e+05  8.60169862e+01  1.69824365e+05  1.01233969e-02 
 1.73780083e+05  8.60170014e+01  1.73780083e+05  1.03103007e-02 
 1.77827941e+05  8.60170170e+01  1.77827941e+05  1.05021970e-02 
 1.81970086e+05  8.60170329e+01  1.81970086e+05  1.06992929e-02 
 1.86208714e+05  8.60170494e+01  1.86208714e+05  1.09017786e-02 
 1.90546072e+05  8.60170663e+01  1.90546072e+05  1.11098769e-02 
 1.94984460e+05  8.60170837e+01  1.94984460e+05  1.13237893e-02 
 1.99526231e+05  8.60171016e+01  1.99526231e+05  1.15437481e-02 
 2.04173794e+05  8.60171201e+01  2.04173794e+05  1.17699502e-02 
 2.08929613e+05  8.60171392e+01  2.08929613e+05  1.20026312e-02 
 2.13796209e+05  8.60171589e+01  2.13796209e+05  1.22420211e-02 
 2.18776162e+05  8.60171794e+01  2.18776162e+05  1.24883392e-02 
 2.23872114e+05  8.60172005e+01  2.23872114e+05  1.27418265e-02 
 2.29086765e+05  8.60172225e+01  2.29086765e+05  1.30027190e-02 
 2.34422882e+05  8.60172452e+01  2.34422882e+05  1.32712657e-02 
 2.39883292e+05  8.60172689e+01  2.39883292e+05  1.35477089e-02 
 2.45470892e+05  8.60172935e+01  2.45470892e+05  1.38323096e-02 
 2.51188643e+05  8.60173190e+01  2.51188643e+05  1.41253231e-02 
 2.57039578e+05  8.60173456e+01  2.57039578e+05  1.44270151e-02 
 2.63026799e+05  8.60173733e+01  2.63026799e+05  1.47376635e-02 
 2.69153480e+05  8.60174022e+01  2.69153480e+05  1.50575488e-02 
 2.75422870e+05  8.60174322e+01  2.75422870e+05  1.53869645e-02 
 2.81838293e+05  8.60174636e+01  2.81838293e+05  1.57262093e-02 
 2.88403150e+05  8.60174964e+01  2.88403150e+05  1.60755800e-02 
 2.95120923e+05  8.60175305e+01  2.95120923e+05  1.64354122e-02 
 3.01995172e+05  8.60175662e+01  3.01995172e+05  1.68060301e-02 
 3.09029543e+05  8.60176035e+01  3.09029543e+05  1.71877767e-02 
 3.16227766e+05  8.60176425e+01  3.16227766e+05  1.75810031e-02 
 3.23593657e+05  8.60176832e+01  3.23593657e+05  1.79860875e-02 
 3.31131121e+05  8.60177258e+01  3.31131121e+05  1.84034142e-02 
 3.38844156e+05  8.60177704e+01  3.38844156e+05  1.88333828e-02 
 3.46736850e+05  8.60178170e+01  3.46736850e+05  1.92764203e-02 
 3.54813389e+05  8.60178657e+01  3.54813389e+05  1.97329591e-02 
 3.63078055e+05  8.60179167e+01  3.63078055e+05  2.02034661e-02 
 3.71535229e+05  8.60179701e+01  3.71535229e+05  2.06884135e-02 
 3.80189396e+05  8.60180259e+01  3.80189396e+05  2.11883126e-02 
 3.89045145e+05  8.60180844e+01  3.89045145e+05  2.17036883e-02 
 3.98107171e+05  8.60181456e+01  3.98107171e+05  2.22350995e-02 
 4.07380278e+05  8.60182097e+01  4.07380278e+05  2.27831284e-02 
 4.16869383e+05  8.60182767e+01  4.16869383e+05  2.33483898e-02 
 4.26579519e+05  8.60183470e+01  4.26579519e+05  2.39315294e-02 
 4.36515832e+05  8.60184205e+01  4.36515832e+05  2.45332267e-02 
 4.46683592e+05  8.60184975e+01  4.46683592e+05  2.51542005e-02 
 4.57088190e+05  8.60185781e+01  4.57088190e+05  2.57952052e-02 
 4.67735141e+05  8.60186625e+01  4.67735141e+05  2.64570359e-02 
 4.78630092e+05  8.60187508e+01  4.78630092e+05  2.71405375e-02 
 4.89778819e+05  8.60188434e+01  4.89778819e+05  2.78465929e-02 
 5.01187234e+05  8.60189403e+01  5.01187234e+05  2.85761454e-02 
 5.12861384e+05  8.60190418e+01  5.12861384e+05  2.93301816e-02 
 5.24807460e+05  8.60191480e+01  5.24807460e+05  3.01097527e-02 
 5.37031796e+05  8.60192593e+01  5.37031796e+05  3.09159648e-02 
 5.49540874e+05  8.60193759e+01  5.49540874e+05  3.17499934e-02 
 5.62341325e+05  8.60194979e+01  5.62341325e+05  3.26130784e-02 
 5.75439937e+05  8.60196257e+01  5.75439937e+05  3.35065365e-02 
 5.88843655e+05  8.60197595e+01  5.88843655e+05  3.44317605e-02 
 6.02559586e+05  8.60198996e+01  6.02559586e+05  3.53902261e-02 
 6.16595002e+05  8.60200463e+01  6.16595002e+05  3.63835009e-02 
 6.30957344e+05  8.60201999e+01  6.30957344e+05  3.74132437e-02 
 6.45654229e+05  8.60203608e+01  6.45654229e+05  3.84812168e-02 
 6.60693448e+05  8.60205293e+01  6.60693448e+05  3.95892896e-02 
 6.76082975e+05  8.60207057e+01  6.76082975e+05  4.07394485e-02 
 6.91830971e+05  8.60208904e+01  6.91830971e+05  4.19337993e-02 
 7.07945784e+05  8.60210838e+01  7.07945784e+05  4.31745824e-02 
 7.24435960e+05  8.60212863e+01  7.24435960e+05  4.44641777e-02 
 7.41310241e+05  8.60214983e+01  7.41310241e+05  4.58051141e-02 
 7.58577575e+05  8.60217203e+01  7.58577575e+05  4.72000810e-02 
 7.76247117e+05  8.60219528e+01  7.76247117e+05  4.86519381e-02 
 7.94328235e+05  8.60221962e+01  7.94328235e+05  5.01637294e-02 
 8.12830516e+05  8.60224510e+01  8.12830516e+05  5.17386931e-02 
 8.31763771e+05  8.60227178e+01  8.31763771e+05  5.33802743e-02 
 8.51138038e+05  8.60229972e+01  8.51138038e+05  5.50921427e-02 
 8.70963590e+05  8.60232897e+01  8.70963590e+05  5.68782068e-02 
 8.91250938e+05  8.60235959e+01  8.91250938e+05  5.87426276e-02 
 9.12010839e+05  8.60239165e+01  9.12010839e+05  6.06898407e-02 
 9.33254301e+05  8.60242522e+01  9.33254301e+05  6.27245719e-02 
 9.54992586e+05  8.60246036e+01  9.54992586e+05  6.48518573e-02 
 9.77237221e+05  8.60249715e+01  9.77237221e+05  6.70770678e-02 
 1.00000000e+06  8.60253567e+01  1.00000000e+06  6.94059293e-02 
 1.02329299e+06  8.60257599e+01  1.02329299e+06  7.18445503e-02 
 1.04712855e+06  8.60261821e+01  1.04712855e+06  7.43994447e-02 
 1.07151931e+06  8.60266240e+01  1.07151931e+06  7.70775640e-02 
 1.09647820e+06  8.60270867e+01  1.09647820e+06  7.98863257e-02 
 1.12201845e+06  8.60275710e+01  1.12201845e+06  8.28336476e-02 
 1.14815362e+06  8.60280780e+01  1.14815362e+06  8.59279814e-02 
 1.17489755e+06  8.60286087e+01  1.17489755e+06  8.91783503e-02 
 1.20226443e+06  8.60291643e+01  1.20226443e+06  9.25943902e-02 
 1.23026877e+06  8.60297459e+01  1.23026877e+06  9.61863922e-02 
 1.25892541e+06  8.60303546e+01  1.25892541e+06  9.99653483e-02 
 1.28824955e+06  8.60309919e+01  1.28824955e+06  1.03943002e-01 
 1.31825674e+06  8.60316589e+01  1.31825674e+06  1.08131900e-01 
 1.34896288e+06  8.60323570e+01  1.34896288e+06  1.12545451e-01 
 1.38038426e+06  8.60330878e+01  1.38038426e+06  1.17197985e-01 
 1.41253754e+06  8.60338526e+01  1.41253754e+06  1.22104815e-01 
 1.44543977e+06  8.60346531e+01  1.44543977e+06  1.27282317e-01 
 1.47910839e+06  8.60354910e+01  1.47910839e+06  1.32747993e-01 
 1.51356125e+06  8.60363678e+01  1.51356125e+06  1.38520561e-01 
 1.54881662e+06  8.60372855e+01  1.54881662e+06  1.44620034e-01 
 1.58489319e+06  8.60382459e+01  1.58489319e+06  1.51067816e-01 
 1.62181010e+06  8.60392510e+01  1.62181010e+06  1.57886801e-01 
 1.65958691e+06  8.60403027e+01  1.65958691e+06  1.65101476e-01 
 1.69824365e+06  8.60414033e+01  1.69824365e+06  1.72738038e-01 
 1.73780083e+06  8.60425550e+01  1.73780083e+06  1.80824513e-01 
 1.77827941e+06  8.60437600e+01  1.77827941e+06  1.89390890e-01 
 1.81970086e+06  8.60450209e+01  1.81970086e+06  1.98469255e-01 
 1.86208714e+06  8.60463402e+01  1.86208714e+06  2.08093948e-01 
 1.90546072e+06  8.60477204e+01  1.90546072e+06  2.18301719e-01 
 1.94984460e+06  8.60491644e+01  1.94984460e+06  2.29131900e-01 
 1.99526231e+06  8.60506751e+01  1.99526231e+06  2.40626596e-01 
 2.04173794e+06  8.60522553e+01  2.04173794e+06  2.52830874e-01 
 2.08929613e+06  8.60539084e+01  2.08929613e+06  2.65792985e-01 
 2.13796209e+06  8.60556374e+01  2.13796209e+06  2.79564583e-01 
 2.18776162e+06  8.60574458e+01  2.18776162e+06  2.94200976e-01 
 2.23872114e+06  8.60593371e+01  2.23872114e+06  3.09761385e-01 
 2.29086765e+06  8.60613151e+01  2.29086765e+06  3.26309228e-01 
 2.34422882e+06  8.60633834e+01  2.34422882e+06  3.43912415e-01 
 2.39883292e+06  8.60655461e+01  2.39883292e+06  3.62643680e-01 
 2.45470892e+06  8.60678073e+01  2.45470892e+06  3.82580921e-01 
 2.51188643e+06  8.60701713e+01  2.51188643e+06  4.03807575e-01 
 2.57039578e+06  8.60726425e+01  2.57039578e+06  4.26413015e-01 
 2.63026799e+06  8.60752256e+01  2.63026799e+06  4.50492983e-01 
 2.69153480e+06  8.60779252e+01  2.69153480e+06  4.76150043e-01 
 2.75422870e+06  8.60807465e+01  2.75422870e+06  5.03494077e-01 
 2.81838293e+06  8.60836945e+01  2.81838293e+06  5.32642813e-01 
 2.88403150e+06  8.60867745e+01  2.88403150e+06  5.63722395e-01 
 2.95120923e+06  8.60899921e+01  2.95120923e+06  5.96867985e-01 
 3.01995172e+06  8.60933528e+01  3.01995172e+06  6.32224422e-01 
 3.09029543e+06  8.60968624e+01  3.09029543e+06  6.69946921e-01 
 3.16227766e+06  8.61005271e+01  3.16227766e+06  7.10201824e-01 
 3.23593657e+06  8.61043529e+01  3.23593657e+06  7.53167408e-01 
 3.31131121e+06  8.61083462e+01  3.31131121e+06  7.99034751e-01 
 3.38844156e+06  8.61125135e+01  3.38844156e+06  8.48008662e-01 
 3.46736850e+06  8.61168614e+01  3.46736850e+06  9.00308677e-01 
 3.54813389e+06  8.61213967e+01  3.54813389e+06  9.56170132e-01 
 3.63078055e+06  8.61261262e+01  3.63078055e+06  1.01584531e+00 
 3.71535229e+06  8.61310568e+01  3.71535229e+06  1.07960467e+00 
 3.80189396e+06  8.61361958e+01  3.80189396e+06  1.14773819e+00 
 3.89045145e+06  8.61415500e+01  3.89045145e+06  1.22055676e+00 
 3.98107171e+06  8.61471266e+01  3.98107171e+06  1.29839372e+00 
 4.07380278e+06  8.61529327e+01  4.07380278e+06  1.38160650e+00 
 4.16869383e+06  8.61589752e+01  4.16869383e+06  1.47057838e+00 
 4.26579519e+06  8.61652611e+01  4.26579519e+06  1.56572034e+00 
 4.36515832e+06  8.61717968e+01  4.36515832e+06  1.66747314e+00 
 4.46683592e+06  8.61785888e+01  4.46683592e+06  1.77630942e+00 
 4.57088190e+06  8.61856431e+01  4.57088190e+06  1.89273606e+00 
 4.67735141e+06  8.61929653e+01  4.67735141e+06  2.01729669e+00 
 4.78630092e+06  8.62005602e+01  4.78630092e+06  2.15057431e+00 
 4.89778819e+06  8.62084321e+01  4.89778819e+06  2.29319421e+00 
 5.01187234e+06  8.62165844e+01  5.01187234e+06  2.44582696e+00 
 5.12861384e+06  8.62250193e+01  5.12861384e+06  2.60919176e+00 
 5.24807460e+06  8.62337377e+01  5.24807460e+06  2.78405992e+00 
 5.37031796e+06  8.62427393e+01  5.37031796e+06  2.97125859e+00 
 5.49540874e+06  8.62520215e+01  5.49540874e+06  3.17167481e+00 
 5.62341325e+06  8.62615800e+01  5.62341325e+06  3.38625973e+00 
 5.75439937e+06  8.62714078e+01  5.75439937e+06  3.61603322e+00 
 5.88843655e+06  8.62814949e+01  5.88843655e+06  3.86208866e+00 
 6.02559586e+06  8.62918280e+01  6.02559586e+06  4.12559814e+00 
 6.16595002e+06  8.63023898e+01  6.16595002e+06  4.40781788e+00 
 6.30957344e+06  8.63131583e+01  6.30957344e+06  4.71009404e+00 
 6.45654229e+06  8.63241063e+01  6.45654229e+06  5.03386879e+00 
 6.60693448e+06  8.63352003e+01  6.60693448e+06  5.38068672e+00 
 6.76082975e+06  8.63463994e+01  6.76082975e+06  5.75220156e+00 
 6.91830971e+06  8.63576547e+01  6.91830971e+06  6.15018319e+00 
 7.07945784e+06  8.63689076e+01  7.07945784e+06  6.57652485e+00 
 7.24435960e+06  8.63800886e+01  7.24435960e+06  7.03325061e+00 
 7.41310241e+06  8.63911154e+01  7.41310241e+06  7.52252300e+00 
 7.58577575e+06  8.64018914e+01  7.58577575e+06  8.04665060e+00 
 7.76247117e+06  8.64123031e+01  7.76247117e+06  8.60809572e+00 
 7.94328235e+06  8.64222180e+01  7.94328235e+06  9.20948174e+00 
 8.12830516e+06  8.64314817e+01  8.12830516e+06  9.85360011e+00 
 8.31763771e+06  8.64399150e+01  8.31763771e+06  1.05434167e+01 
 8.51138038e+06  8.64473102e+01  8.51138038e+06  1.12820773e+01 
 8.70963590e+06  8.64534268e+01  8.70963590e+06  1.20729116e+01 
 8.91250938e+06  8.64579880e+01  8.91250938e+06  1.29194353e+01 
 9.12010839e+06  8.64606748e+01  9.12010839e+06  1.38253502e+01 
 9.33254301e+06  8.64611210e+01  9.33254301e+06  1.47945412e+01 
 9.54992586e+06  8.64589069e+01  9.54992586e+06  1.58310684e+01 
 9.77237221e+06  8.64535531e+01  9.77237221e+06  1.69391558e+01 
 1.00000000e+07  8.64445126e+01  1.00000000e+07  1.81231727e+01 
