-1.00000000e-05 -1.99902393e-01 
-9.90000000e-06 -1.97903369e-01 
-9.80000000e-06 -1.95904345e-01 
-9.70000000e-06 -1.93905321e-01 
-9.60000000e-06 -1.91906297e-01 
-9.50000000e-06 -1.89907273e-01 
-9.40000000e-06 -1.87908249e-01 
-9.30000000e-06 -1.85909226e-01 
-9.20000000e-06 -1.83910202e-01 
-9.10000000e-06 -1.81911178e-01 
-9.00000000e-06 -1.79912154e-01 
-8.90000000e-06 -1.77913130e-01 
-8.80000000e-06 -1.75914106e-01 
-8.70000000e-06 -1.73915082e-01 
-8.60000000e-06 -1.71916058e-01 
-8.50000000e-06 -1.69917034e-01 
-8.40000000e-06 -1.67918010e-01 
-8.30000000e-06 -1.65918986e-01 
-8.20000000e-06 -1.63919962e-01 
-8.10000000e-06 -1.61920938e-01 
-8.00000000e-06 -1.59921914e-01 
-7.90000000e-06 -1.57922890e-01 
-7.80000000e-06 -1.55923867e-01 
-7.70000000e-06 -1.53924843e-01 
-7.60000000e-06 -1.51925819e-01 
-7.50000000e-06 -1.49926795e-01 
-7.40000000e-06 -1.47927771e-01 
-7.30000000e-06 -1.45928747e-01 
-7.20000000e-06 -1.43929723e-01 
-7.10000000e-06 -1.41930699e-01 
-7.00000000e-06 -1.39931675e-01 
-6.90000000e-06 -1.37932651e-01 
-6.80000000e-06 -1.35933627e-01 
-6.70000000e-06 -1.33934603e-01 
-6.60000000e-06 -1.31935579e-01 
-6.50000000e-06 -1.29936555e-01 
-6.40000000e-06 -1.27937532e-01 
-6.30000000e-06 -1.25938508e-01 
-6.20000000e-06 -1.23939484e-01 
-6.10000000e-06 -1.21940460e-01 
-6.00000000e-06 -1.19941436e-01 
-5.90000000e-06 -1.17942412e-01 
-5.80000000e-06 -1.15943388e-01 
-5.70000000e-06 -1.13944364e-01 
-5.60000000e-06 -1.11945340e-01 
-5.50000000e-06 -1.09946316e-01 
-5.40000000e-06 -1.07947292e-01 
-5.30000000e-06 -1.05948268e-01 
-5.20000000e-06 -1.03949244e-01 
-5.10000000e-06 -1.01950220e-01 
-5.00000000e-06 -9.99511965e-02 
-4.90000000e-06 -9.79521726e-02 
-4.80000000e-06 -9.59531487e-02 
-4.70000000e-06 -9.39541247e-02 
-4.60000000e-06 -9.19551008e-02 
-4.50000000e-06 -8.99560769e-02 
-4.40000000e-06 -8.79570529e-02 
-4.30000000e-06 -8.59580290e-02 
-4.20000000e-06 -8.39590051e-02 
-4.10000000e-06 -8.19599811e-02 
-4.00000000e-06 -7.99609572e-02 
-3.90000000e-06 -7.79619333e-02 
-3.80000000e-06 -7.59629094e-02 
-3.70000000e-06 -7.39638854e-02 
-3.60000000e-06 -7.19648615e-02 
-3.50000000e-06 -6.99658376e-02 
-3.40000000e-06 -6.79668136e-02 
-3.30000000e-06 -6.59677897e-02 
-3.20000000e-06 -6.39687658e-02 
-3.10000000e-06 -6.19697418e-02 
-3.00000000e-06 -5.99707179e-02 
-2.90000000e-06 -5.79716940e-02 
-2.80000000e-06 -5.59726701e-02 
-2.70000000e-06 -5.39736461e-02 
-2.60000000e-06 -5.19746222e-02 
-2.50000000e-06 -4.99755983e-02 
-2.40000000e-06 -4.79765743e-02 
-2.30000000e-06 -4.59775504e-02 
-2.20000000e-06 -4.39785265e-02 
-2.10000000e-06 -4.19795025e-02 
-2.00000000e-06 -3.99804786e-02 
-1.90000000e-06 -3.79814547e-02 
-1.80000000e-06 -3.59824308e-02 
-1.70000000e-06 -3.39834068e-02 
-1.60000000e-06 -3.19843829e-02 
-1.50000000e-06 -2.99853590e-02 
-1.40000000e-06 -2.79863350e-02 
-1.30000000e-06 -2.59873111e-02 
-1.20000000e-06 -2.39882872e-02 
-1.10000000e-06 -2.19892632e-02 
-1.00000000e-06 -1.99902393e-02 
-9.00000000e-07 -1.79912154e-02 
-8.00000000e-07 -1.59921914e-02 
-7.00000000e-07 -1.39931675e-02 
-6.00000000e-07 -1.19941436e-02 
-5.00000000e-07 -9.99511966e-03 
-4.00000000e-07 -7.99609573e-03 
-3.00000000e-07 -5.99707180e-03 
-2.00000000e-07 -3.99804787e-03 
-1.00000000e-07 -1.99902393e-03 
 1.03761536e-20 -4.51521508e-12 
 1.00000000e-07  1.99902393e-03 
 2.00000000e-07  3.99804786e-03 
 3.00000000e-07  5.99707179e-03 
 4.00000000e-07  7.99609572e-03 
 5.00000000e-07  9.99511965e-03 
 6.00000000e-07  1.19941436e-02 
 7.00000000e-07  1.39931675e-02 
 8.00000000e-07  1.59921914e-02 
 9.00000000e-07  1.79912154e-02 
 1.00000000e-06  1.99902393e-02 
 1.10000000e-06  2.19892632e-02 
 1.20000000e-06  2.39882872e-02 
 1.30000000e-06  2.59873111e-02 
 1.40000000e-06  2.79863350e-02 
 1.50000000e-06  2.99853589e-02 
 1.60000000e-06  3.19843829e-02 
 1.70000000e-06  3.39834068e-02 
 1.80000000e-06  3.59824307e-02 
 1.90000000e-06  3.79814547e-02 
 2.00000000e-06  3.99804786e-02 
 2.10000000e-06  4.19795025e-02 
 2.20000000e-06  4.39785265e-02 
 2.30000000e-06  4.59775504e-02 
 2.40000000e-06  4.79765743e-02 
 2.50000000e-06  4.99755983e-02 
 2.60000000e-06  5.19746222e-02 
 2.70000000e-06  5.39736461e-02 
 2.80000000e-06  5.59726700e-02 
 2.90000000e-06  5.79716940e-02 
 3.00000000e-06  5.99707179e-02 
 3.10000000e-06  6.19697418e-02 
 3.20000000e-06  6.39687658e-02 
 3.30000000e-06  6.59677897e-02 
 3.40000000e-06  6.79668136e-02 
 3.50000000e-06  6.99658376e-02 
 3.60000000e-06  7.19648615e-02 
 3.70000000e-06  7.39638854e-02 
 3.80000000e-06  7.59629093e-02 
 3.90000000e-06  7.79619333e-02 
 4.00000000e-06  7.99609572e-02 
 4.10000000e-06  8.19599811e-02 
 4.20000000e-06  8.39590051e-02 
 4.30000000e-06  8.59580290e-02 
 4.40000000e-06  8.79570529e-02 
 4.50000000e-06  8.99560769e-02 
 4.60000000e-06  9.19551008e-02 
 4.70000000e-06  9.39541247e-02 
 4.80000000e-06  9.59531486e-02 
 4.90000000e-06  9.79521726e-02 
 5.00000000e-06  9.99511965e-02 
 5.10000000e-06  1.01950220e-01 
 5.20000000e-06  1.03949244e-01 
 5.30000000e-06  1.05948268e-01 
 5.40000000e-06  1.07947292e-01 
 5.50000000e-06  1.09946316e-01 
 5.60000000e-06  1.11945340e-01 
 5.70000000e-06  1.13944364e-01 
 5.80000000e-06  1.15943388e-01 
 5.90000000e-06  1.17942412e-01 
 6.00000000e-06  1.19941436e-01 
 6.10000000e-06  1.21940460e-01 
 6.20000000e-06  1.23939484e-01 
 6.30000000e-06  1.25938508e-01 
 6.40000000e-06  1.27937532e-01 
 6.50000000e-06  1.29936555e-01 
 6.60000000e-06  1.31935579e-01 
 6.70000000e-06  1.33934603e-01 
 6.80000000e-06  1.35933627e-01 
 6.90000000e-06  1.37932651e-01 
 7.00000000e-06  1.39931675e-01 
 7.10000000e-06  1.41930699e-01 
 7.20000000e-06  1.43929723e-01 
 7.30000000e-06  1.45928747e-01 
 7.40000000e-06  1.47927771e-01 
 7.50000000e-06  1.49926795e-01 
 7.60000000e-06  1.51925819e-01 
 7.70000000e-06  1.53924843e-01 
 7.80000000e-06  1.55923867e-01 
 7.90000000e-06  1.57922890e-01 
 8.00000000e-06  1.59921914e-01 
 8.10000000e-06  1.61920938e-01 
 8.20000000e-06  1.63919962e-01 
 8.30000000e-06  1.65918986e-01 
 8.40000000e-06  1.67918010e-01 
 8.50000000e-06  1.69917034e-01 
 8.60000000e-06  1.71916058e-01 
 8.70000000e-06  1.73915082e-01 
 8.80000000e-06  1.75914106e-01 
 8.90000000e-06  1.77913130e-01 
 9.00000000e-06  1.79912154e-01 
 9.10000000e-06  1.81911178e-01 
 9.20000000e-06  1.83910202e-01 
 9.30000000e-06  1.85909226e-01 
 9.40000000e-06  1.87908249e-01 
 9.50000000e-06  1.89907273e-01 
 9.60000000e-06  1.91906297e-01 
 9.70000000e-06  1.93905321e-01 
 9.80000000e-06  1.95904345e-01 
 9.90000000e-06  1.97903369e-01 
 1.00000000e-05  1.99902393e-01 
