 1.00000000e+01  1.15799362e+02  1.00000000e+01 -6.56725783e-04 
 1.02329299e+01  1.15799362e+02  1.02329299e+01 -6.72022891e-04 
 1.04712855e+01  1.15799362e+02  1.04712855e+01 -6.87676316e-04 
 1.07151931e+01  1.15799362e+02  1.07151931e+01 -7.03694355e-04 
 1.09647820e+01  1.15799362e+02  1.09647820e+01 -7.20085503e-04 
 1.12201845e+01  1.15799362e+02  1.12201845e+01 -7.36858449e-04 
 1.14815362e+01  1.15799362e+02  1.14815362e+01 -7.54022088e-04 
 1.17489755e+01  1.15799362e+02  1.17489755e+01 -7.71585519e-04 
 1.20226443e+01  1.15799362e+02  1.20226443e+01 -7.89558055e-04 
 1.23026877e+01  1.15799362e+02  1.23026877e+01 -8.07949225e-04 
 1.25892541e+01  1.15799362e+02  1.25892541e+01 -8.26768781e-04 
 1.28824955e+01  1.15799362e+02  1.28824955e+01 -8.46026701e-04 
 1.31825674e+01  1.15799362e+02  1.31825674e+01 -8.65733195e-04 
 1.34896288e+01  1.15799362e+02  1.34896288e+01 -8.85898712e-04 
 1.38038426e+01  1.15799362e+02  1.38038426e+01 -9.06533945e-04 
 1.41253754e+01  1.15799362e+02  1.41253754e+01 -9.27649834e-04 
 1.44543977e+01  1.15799362e+02  1.44543977e+01 -9.49257575e-04 
 1.47910839e+01  1.15799362e+02  1.47910839e+01 -9.71368625e-04 
 1.51356125e+01  1.15799362e+02  1.51356125e+01 -9.93994708e-04 
 1.54881662e+01  1.15799362e+02  1.54881662e+01 -1.01714782e-03 
 1.58489319e+01  1.15799362e+02  1.58489319e+01 -1.04084024e-03 
 1.62181010e+01  1.15799362e+02  1.62181010e+01 -1.06508452e-03 
 1.65958691e+01  1.15799362e+02  1.65958691e+01 -1.08989353e-03 
 1.69824365e+01  1.15799362e+02  1.69824365e+01 -1.11528041e-03 
 1.73780083e+01  1.15799362e+02  1.73780083e+01 -1.14125863e-03 
 1.77827941e+01  1.15799362e+02  1.77827941e+01 -1.16784196e-03 
 1.81970086e+01  1.15799362e+02  1.81970086e+01 -1.19504450e-03 
 1.86208714e+01  1.15799362e+02  1.86208714e+01 -1.22288066e-03 
 1.90546072e+01  1.15799362e+02  1.90546072e+01 -1.25136521e-03 
 1.94984460e+01  1.15799362e+02  1.94984460e+01 -1.28051326e-03 
 1.99526231e+01  1.15799362e+02  1.99526231e+01 -1.31034024e-03 
 2.04173794e+01  1.15799362e+02  2.04173794e+01 -1.34086199e-03 
 2.08929613e+01  1.15799362e+02  2.08929613e+01 -1.37209468e-03 
 2.13796209e+01  1.15799362e+02  2.13796209e+01 -1.40405488e-03 
 2.18776162e+01  1.15799362e+02  2.18776162e+01 -1.43675952e-03 
 2.23872114e+01  1.15799362e+02  2.23872114e+01 -1.47022595e-03 
 2.29086765e+01  1.15799362e+02  2.29086765e+01 -1.50447192e-03 
 2.34422882e+01  1.15799362e+02  2.34422882e+01 -1.53951557e-03 
 2.39883292e+01  1.15799362e+02  2.39883292e+01 -1.57537550e-03 
 2.45470892e+01  1.15799362e+02  2.45470892e+01 -1.61207072e-03 
 2.51188643e+01  1.15799362e+02  2.51188643e+01 -1.64962067e-03 
 2.57039578e+01  1.15799362e+02  2.57039578e+01 -1.68804528e-03 
 2.63026799e+01  1.15799362e+02  2.63026799e+01 -1.72736491e-03 
 2.69153480e+01  1.15799362e+02  2.69153480e+01 -1.76760041e-03 
 2.75422870e+01  1.15799362e+02  2.75422870e+01 -1.80877312e-03 
 2.81838293e+01  1.15799362e+02  2.81838293e+01 -1.85090487e-03 
 2.88403150e+01  1.15799362e+02  2.88403150e+01 -1.89401799e-03 
 2.95120923e+01  1.15799362e+02  2.95120923e+01 -1.93813534e-03 
 3.01995172e+01  1.15799362e+02  3.01995172e+01 -1.98328032e-03 
 3.09029543e+01  1.15799362e+02  3.09029543e+01 -2.02947686e-03 
 3.16227766e+01  1.15799362e+02  3.16227766e+01 -2.07674946e-03 
 3.23593657e+01  1.15799362e+02  3.23593657e+01 -2.12512318e-03 
 3.31131121e+01  1.15799362e+02  3.31131121e+01 -2.17462367e-03 
 3.38844156e+01  1.15799362e+02  3.38844156e+01 -2.22527717e-03 
 3.46736850e+01  1.15799362e+02  3.46736850e+01 -2.27711055e-03 
 3.54813389e+01  1.15799362e+02  3.54813389e+01 -2.33015128e-03 
 3.63078055e+01  1.15799362e+02  3.63078055e+01 -2.38442749e-03 
 3.71535229e+01  1.15799362e+02  3.71535229e+01 -2.43996796e-03 
 3.80189396e+01  1.15799362e+02  3.80189396e+01 -2.49680213e-03 
 3.89045145e+01  1.15799362e+02  3.89045145e+01 -2.55496014e-03 
 3.98107171e+01  1.15799362e+02  3.98107171e+01 -2.61447283e-03 
 4.07380278e+01  1.15799362e+02  4.07380278e+01 -2.67537174e-03 
 4.16869383e+01  1.15799362e+02  4.16869383e+01 -2.73768918e-03 
 4.26579519e+01  1.15799362e+02  4.26579519e+01 -2.80145817e-03 
 4.36515832e+01  1.15799362e+02  4.36515832e+01 -2.86671254e-03 
 4.46683592e+01  1.15799362e+02  4.46683592e+01 -2.93348688e-03 
 4.57088190e+01  1.15799362e+02  4.57088190e+01 -3.00181660e-03 
 4.67735141e+01  1.15799362e+02  4.67735141e+01 -3.07173792e-03 
 4.78630092e+01  1.15799362e+02  4.78630092e+01 -3.14328792e-03 
 4.89778819e+01  1.15799362e+02  4.89778819e+01 -3.21650454e-03 
 5.01187234e+01  1.15799362e+02  5.01187234e+01 -3.29142659e-03 
 5.12861384e+01  1.15799362e+02  5.12861384e+01 -3.36809380e-03 
 5.24807460e+01  1.15799362e+02  5.24807460e+01 -3.44654683e-03 
 5.37031796e+01  1.15799362e+02  5.37031796e+01 -3.52682727e-03 
 5.49540874e+01  1.15799362e+02  5.49540874e+01 -3.60897768e-03 
 5.62341325e+01  1.15799362e+02  5.62341325e+01 -3.69304162e-03 
 5.75439937e+01  1.15799362e+02  5.75439937e+01 -3.77906367e-03 
 5.88843655e+01  1.15799362e+02  5.88843655e+01 -3.86708943e-03 
 6.02559586e+01  1.15799362e+02  6.02559586e+01 -3.95716558e-03 
 6.16595002e+01  1.15799362e+02  6.16595002e+01 -4.04933988e-03 
 6.30957344e+01  1.15799362e+02  6.30957344e+01 -4.14366119e-03 
 6.45654229e+01  1.15799362e+02  6.45654229e+01 -4.24017954e-03 
 6.60693448e+01  1.15799362e+02  6.60693448e+01 -4.33894610e-03 
 6.76082975e+01  1.15799362e+02  6.76082975e+01 -4.44001323e-03 
 6.91830971e+01  1.15799362e+02  6.91830971e+01 -4.54343452e-03 
 7.07945784e+01  1.15799362e+02  7.07945784e+01 -4.64926481e-03 
 7.24435960e+01  1.15799363e+02  7.24435960e+01 -4.75756022e-03 
 7.41310241e+01  1.15799363e+02  7.41310241e+01 -4.86837815e-03 
 7.58577575e+01  1.15799363e+02  7.58577575e+01 -4.98177738e-03 
 7.76247117e+01  1.15799363e+02  7.76247117e+01 -5.09781802e-03 
 7.94328235e+01  1.15799363e+02  7.94328235e+01 -5.21656161e-03 
 8.12830516e+01  1.15799363e+02  8.12830516e+01 -5.33807110e-03 
 8.31763771e+01  1.15799363e+02  8.31763771e+01 -5.46241092e-03 
 8.51138038e+01  1.15799363e+02  8.51138038e+01 -5.58964700e-03 
 8.70963590e+01  1.15799363e+02  8.70963590e+01 -5.71984681e-03 
 8.91250938e+01  1.15799363e+02  8.91250938e+01 -5.85307937e-03 
 9.12010839e+01  1.15799363e+02  9.12010839e+01 -5.98941533e-03 
 9.33254301e+01  1.15799363e+02  9.33254301e+01 -6.12892698e-03 
 9.54992586e+01  1.15799363e+02  9.54992586e+01 -6.27168829e-03 
 9.77237221e+01  1.15799363e+02  9.77237221e+01 -6.41777495e-03 
 1.00000000e+02  1.15799363e+02  1.00000000e+02 -6.56726444e-03 
 1.02329299e+02  1.15799363e+02  1.02329299e+02 -6.72023600e-03 
 1.04712855e+02  1.15799363e+02  1.04712855e+02 -6.87677075e-03 
 1.07151931e+02  1.15799363e+02  1.07151931e+02 -7.03695169e-03 
 1.09647820e+02  1.15799363e+02  1.09647820e+02 -7.20086374e-03 
 1.12201845e+02  1.15799363e+02  1.12201845e+02 -7.36859383e-03 
 1.14815362e+02  1.15799363e+02  1.14815362e+02 -7.54023089e-03 
 1.17489755e+02  1.15799363e+02  1.17489755e+02 -7.71586591e-03 
 1.20226443e+02  1.15799364e+02  1.20226443e+02 -7.89559204e-03 
 1.23026877e+02  1.15799364e+02  1.23026877e+02 -8.07950456e-03 
 1.25892541e+02  1.15799364e+02  1.25892541e+02 -8.26770100e-03 
 1.28824955e+02  1.15799364e+02  1.28824955e+02 -8.46028114e-03 
 1.31825674e+02  1.15799364e+02  1.31825674e+02 -8.65734709e-03 
 1.34896288e+02  1.15799364e+02  1.34896288e+02 -8.85900335e-03 
 1.38038426e+02  1.15799364e+02  1.38038426e+02 -9.06535683e-03 
 1.41253754e+02  1.15799364e+02  1.41253754e+02 -9.27651697e-03 
 1.44543977e+02  1.15799364e+02  1.44543977e+02 -9.49259571e-03 
 1.47910839e+02  1.15799364e+02  1.47910839e+02 -9.71370765e-03 
 1.51356125e+02  1.15799364e+02  1.51356125e+02 -9.93997000e-03 
 1.54881662e+02  1.15799365e+02  1.54881662e+02 -1.01715028e-02 
 1.58489319e+02  1.15799365e+02  1.58489319e+02 -1.04084287e-02 
 1.62181010e+02  1.15799365e+02  1.62181010e+02 -1.06508734e-02 
 1.65958691e+02  1.15799365e+02  1.65958691e+02 -1.08989655e-02 
 1.69824365e+02  1.15799365e+02  1.69824365e+02 -1.11528365e-02 
 1.73780083e+02  1.15799365e+02  1.73780083e+02 -1.14126210e-02 
 1.77827941e+02  1.15799365e+02  1.77827941e+02 -1.16784568e-02 
 1.81970086e+02  1.15799366e+02  1.81970086e+02 -1.19504848e-02 
 1.86208714e+02  1.15799366e+02  1.86208714e+02 -1.22288493e-02 
 1.90546072e+02  1.15799366e+02  1.90546072e+02 -1.25136979e-02 
 1.94984460e+02  1.15799366e+02  1.94984460e+02 -1.28051816e-02 
 1.99526231e+02  1.15799366e+02  1.99526231e+02 -1.31034550e-02 
 2.04173794e+02  1.15799367e+02  2.04173794e+02 -1.34086762e-02 
 2.08929613e+02  1.15799367e+02  2.08929613e+02 -1.37210071e-02 
 2.13796209e+02  1.15799367e+02  2.13796209e+02 -1.40406134e-02 
 2.18776162e+02  1.15799367e+02  2.18776162e+02 -1.43676644e-02 
 2.23872114e+02  1.15799367e+02  2.23872114e+02 -1.47023337e-02 
 2.29086765e+02  1.15799368e+02  2.29086765e+02 -1.50447986e-02 
 2.34422882e+02  1.15799368e+02  2.34422882e+02 -1.53952409e-02 
 2.39883292e+02  1.15799368e+02  2.39883292e+02 -1.57538463e-02 
 2.45470892e+02  1.15799369e+02  2.45470892e+02 -1.61208049e-02 
 2.51188643e+02  1.15799369e+02  2.51188643e+02 -1.64963115e-02 
 2.57039578e+02  1.15799369e+02  2.57039578e+02 -1.68805650e-02 
 2.63026799e+02  1.15799370e+02  2.63026799e+02 -1.72737694e-02 
 2.69153480e+02  1.15799370e+02  2.69153480e+02 -1.76761330e-02 
 2.75422870e+02  1.15799370e+02  2.75422870e+02 -1.80878693e-02 
 2.81838293e+02  1.15799371e+02  2.81838293e+02 -1.85091967e-02 
 2.88403150e+02  1.15799371e+02  2.88403150e+02 -1.89403384e-02 
 2.95120923e+02  1.15799371e+02  2.95120923e+02 -1.93815233e-02 
 3.01995172e+02  1.15799372e+02  3.01995172e+02 -1.98329853e-02 
 3.09029543e+02  1.15799372e+02  3.09029543e+02 -2.02949637e-02 
 3.16227766e+02  1.15799373e+02  3.16227766e+02 -2.07677037e-02 
 3.23593657e+02  1.15799373e+02  3.23593657e+02 -2.12514558e-02 
 3.31131121e+02  1.15799374e+02  3.31131121e+02 -2.17464767e-02 
 3.38844156e+02  1.15799375e+02  3.38844156e+02 -2.22530289e-02 
 3.46736850e+02  1.15799375e+02  3.46736850e+02 -2.27713811e-02 
 3.54813389e+02  1.15799376e+02  3.54813389e+02 -2.33018081e-02 
 3.63078055e+02  1.15799376e+02  3.63078055e+02 -2.38445913e-02 
 3.71535229e+02  1.15799377e+02  3.71535229e+02 -2.44000186e-02 
 3.80189396e+02  1.15799378e+02  3.80189396e+02 -2.49683846e-02 
 3.89045145e+02  1.15799379e+02  3.89045145e+02 -2.55499907e-02 
 3.98107171e+02  1.15799379e+02  3.98107171e+02 -2.61451454e-02 
 4.07380278e+02  1.15799380e+02  4.07380278e+02 -2.67541643e-02 
 4.16869383e+02  1.15799381e+02  4.16869383e+02 -2.73773707e-02 
 4.26579519e+02  1.15799382e+02  4.26579519e+02 -2.80150949e-02 
 4.36515832e+02  1.15799383e+02  4.36515832e+02 -2.86676753e-02 
 4.46683592e+02  1.15799384e+02  4.46683592e+02 -2.93354580e-02 
 4.57088190e+02  1.15799385e+02  4.57088190e+02 -3.00187973e-02 
 4.67735141e+02  1.15799386e+02  4.67735141e+02 -3.07180556e-02 
 4.78630092e+02  1.15799387e+02  4.78630092e+02 -3.14336040e-02 
 4.89778819e+02  1.15799388e+02  4.89778819e+02 -3.21658220e-02 
 5.01187234e+02  1.15799390e+02  5.01187234e+02 -3.29150981e-02 
 5.12861384e+02  1.15799391e+02  5.12861384e+02 -3.36818298e-02 
 5.24807460e+02  1.15799392e+02  5.24807460e+02 -3.44664238e-02 
 5.37031796e+02  1.15799394e+02  5.37031796e+02 -3.52692965e-02 
 5.49540874e+02  1.15799395e+02  5.49540874e+02 -3.60908738e-02 
 5.62341325e+02  1.15799397e+02  5.62341325e+02 -3.69315917e-02 
 5.75439937e+02  1.15799398e+02  5.75439937e+02 -3.77918962e-02 
 5.88843655e+02  1.15799400e+02  5.88843655e+02 -3.86722440e-02 
 6.02559586e+02  1.15799402e+02  6.02559586e+02 -3.95731020e-02 
 6.16595002e+02  1.15799404e+02  6.16595002e+02 -4.04949484e-02 
 6.30957344e+02  1.15799406e+02  6.30957344e+02 -4.14382724e-02 
 6.45654229e+02  1.15799408e+02  6.45654229e+02 -4.24035746e-02 
 6.60693448e+02  1.15799410e+02  6.60693448e+02 -4.33913674e-02 
 6.76082975e+02  1.15799412e+02  6.76082975e+02 -4.44021751e-02 
 6.91830971e+02  1.15799414e+02  6.91830971e+02 -4.54365341e-02 
 7.07945784e+02  1.15799417e+02  7.07945784e+02 -4.64949936e-02 
 7.24435960e+02  1.15799420e+02  7.24435960e+02 -4.75781154e-02 
 7.41310241e+02  1.15799422e+02  7.41310241e+02 -4.86864745e-02 
 7.58577575e+02  1.15799425e+02  7.58577575e+02 -4.98206593e-02 
 7.76247117e+02  1.15799428e+02  7.76247117e+02 -5.09812721e-02 
 7.94328235e+02  1.15799431e+02  7.94328235e+02 -5.21689291e-02 
 8.12830516e+02  1.15799434e+02  8.12830516e+02 -5.33842609e-02 
 8.31763771e+02  1.15799438e+02  8.31763771e+02 -5.46279130e-02 
 8.51138038e+02  1.15799441e+02  8.51138038e+02 -5.59005459e-02 
 8.70963590e+02  1.15799445e+02  8.70963590e+02 -5.72028354e-02 
 8.91250938e+02  1.15799449e+02  8.91250938e+02 -5.85354734e-02 
 9.12010839e+02  1.15799453e+02  9.12010839e+02 -5.98991676e-02 
 9.33254301e+02  1.15799458e+02  9.33254301e+02 -6.12946427e-02 
 9.54992586e+02  1.15799462e+02  9.54992586e+02 -6.27226401e-02 
 9.77237221e+02  1.15799467e+02  9.77237221e+02 -6.41839185e-02 
 1.00000000e+03  1.15799472e+02  1.00000000e+03 -6.56792545e-02 
 1.02329299e+03  1.15799477e+02  1.02329299e+03 -6.72094429e-02 
 1.04712855e+03  1.15799482e+02  1.04712855e+03 -6.87752969e-02 
 1.07151931e+03  1.15799488e+02  1.07151931e+03 -7.03776491e-02 
 1.09647820e+03  1.15799494e+02  1.09647820e+03 -7.20173512e-02 
 1.12201845e+03  1.15799500e+02  1.12201845e+03 -7.36952753e-02 
 1.14815362e+03  1.15799507e+02  1.14815362e+03 -7.54123136e-02 
 1.17489755e+03  1.15799513e+02  1.17489755e+03 -7.71693793e-02 
 1.20226443e+03  1.15799521e+02  1.20226443e+03 -7.89674072e-02 
 1.23026877e+03  1.15799528e+02  1.23026877e+03 -8.08073540e-02 
 1.25892541e+03  1.15799536e+02  1.25892541e+03 -8.26901986e-02 
 1.28824955e+03  1.15799544e+02  1.28824955e+03 -8.46169431e-02 
 1.31825674e+03  1.15799553e+02  1.31825674e+03 -8.65886133e-02 
 1.34896288e+03  1.15799562e+02  1.34896288e+03 -8.86062587e-02 
 1.38038426e+03  1.15799571e+02  1.38038426e+03 -9.06709539e-02 
 1.41253754e+03  1.15799581e+02  1.41253754e+03 -9.27837985e-02 
 1.44543977e+03  1.15799591e+02  1.44543977e+03 -9.49459182e-02 
 1.47910839e+03  1.15799602e+02  1.47910839e+03 -9.71584650e-02 
 1.51356125e+03  1.15799613e+02  1.51356125e+03 -9.94226181e-02 
 1.54881662e+03  1.15799625e+02  1.54881662e+03 -1.01739585e-01 
 1.58489319e+03  1.15799638e+02  1.58489319e+03 -1.04110600e-01 
 1.62181010e+03  1.15799651e+02  1.62181010e+03 -1.06536929e-01 
 1.65958691e+03  1.15799664e+02  1.65958691e+03 -1.09019866e-01 
 1.69824365e+03  1.15799679e+02  1.69824365e+03 -1.11560737e-01 
 1.73780083e+03  1.15799693e+02  1.73780083e+03 -1.14160897e-01 
 1.77827941e+03  1.15799709e+02  1.77827941e+03 -1.16821735e-01 
 1.81970086e+03  1.15799725e+02  1.81970086e+03 -1.19544673e-01 
 1.86208714e+03  1.15799743e+02  1.86208714e+03 -1.22331165e-01 
 1.90546072e+03  1.15799760e+02  1.90546072e+03 -1.25182703e-01 
 1.94984460e+03  1.15799779e+02  1.94984460e+03 -1.28100809e-01 
 1.99526231e+03  1.15799799e+02  1.99526231e+03 -1.31087046e-01 
 2.04173794e+03  1.15799820e+02  2.04173794e+03 -1.34143013e-01 
 2.08929613e+03  1.15799841e+02  2.08929613e+03 -1.37270344e-01 
 2.13796209e+03  1.15799864e+02  2.13796209e+03 -1.40470717e-01 
 2.18776162e+03  1.15799887e+02  2.18776162e+03 -1.43745845e-01 
 2.23872114e+03  1.15799912e+02  2.23872114e+03 -1.47097486e-01 
 2.29086765e+03  1.15799938e+02  2.29086765e+03 -1.50527438e-01 
 2.34422882e+03  1.15799965e+02  2.34422882e+03 -1.54037541e-01 
 2.39883292e+03  1.15799994e+02  2.39883292e+03 -1.57629682e-01 
 2.45470892e+03  1.15800023e+02  2.45470892e+03 -1.61305791e-01 
 2.51188643e+03  1.15800054e+02  2.51188643e+03 -1.65067845e-01 
 2.57039578e+03  1.15800087e+02  2.57039578e+03 -1.68917869e-01 
 2.63026799e+03  1.15800121e+02  2.63026799e+03 -1.72857936e-01 
 2.69153480e+03  1.15800157e+02  2.69153480e+03 -1.76890169e-01 
 2.75422870e+03  1.15800194e+02  2.75422870e+03 -1.81016744e-01 
 2.81838293e+03  1.15800234e+02  2.81838293e+03 -1.85239887e-01 
 2.88403150e+03  1.15800275e+02  2.88403150e+03 -1.89561880e-01 
 2.95120923e+03  1.15800318e+02  2.95120923e+03 -1.93985061e-01 
 3.01995172e+03  1.15800363e+02  3.01995172e+03 -1.98511822e-01 
 3.09029543e+03  1.15800410e+02  3.09029543e+03 -2.03144615e-01 
 3.16227766e+03  1.15800459e+02  3.16227766e+03 -2.07885953e-01 
 3.23593657e+03  1.15800511e+02  3.23593657e+03 -2.12738410e-01 
 3.31131121e+03  1.15800565e+02  3.31131121e+03 -2.17704622e-01 
 3.38844156e+03  1.15800622e+02  3.38844156e+03 -2.22787290e-01 
 3.46736850e+03  1.15800681e+02  3.46736850e+03 -2.27989183e-01 
 3.54813389e+03  1.15800743e+02  3.54813389e+03 -2.33313137e-01 
 3.63078055e+03  1.15800808e+02  3.63078055e+03 -2.38762060e-01 
 3.71535229e+03  1.15800876e+02  3.71535229e+03 -2.44338931e-01 
 3.80189396e+03  1.15800947e+02  3.80189396e+03 -2.50046803e-01 
 3.89045145e+03  1.15801022e+02  3.89045145e+03 -2.55888806e-01 
 3.98107171e+03  1.15801100e+02  3.98107171e+03 -2.61868148e-01 
 4.07380278e+03  1.15801182e+02  4.07380278e+03 -2.67988120e-01 
 4.16869383e+03  1.15801268e+02  4.16869383e+03 -2.74252092e-01 
 4.26579519e+03  1.15801357e+02  4.26579519e+03 -2.80663522e-01 
 4.36515832e+03  1.15801451e+02  4.36515832e+03 -2.87225956e-01 
 4.46683592e+03  1.15801550e+02  4.46683592e+03 -2.93943029e-01 
 4.57088190e+03  1.15801653e+02  4.57088190e+03 -3.00818471e-01 
 4.67735141e+03  1.15801760e+02  4.67735141e+03 -3.07856107e-01 
 4.78630092e+03  1.15801873e+02  4.78630092e+03 -3.15059860e-01 
 4.89778819e+03  1.15801991e+02  4.89778819e+03 -3.22433756e-01 
 5.01187234e+03  1.15802115e+02  5.01187234e+03 -3.29981925e-01 
 5.12861384e+03  1.15802244e+02  5.12861384e+03 -3.37708606e-01 
 5.24807460e+03  1.15802380e+02  5.24807460e+03 -3.45618149e-01 
 5.37031796e+03  1.15802522e+02  5.37031796e+03 -3.53715017e-01 
 5.49540874e+03  1.15802671e+02  5.49540874e+03 -3.62003796e-01 
 5.62341325e+03  1.15802826e+02  5.62341325e+03 -3.70489191e-01 
 5.75439937e+03  1.15802989e+02  5.75439937e+03 -3.79176034e-01 
 5.88843655e+03  1.15803159e+02  5.88843655e+03 -3.88069287e-01 
 6.02559586e+03  1.15803338e+02  6.02559586e+03 -3.97174049e-01 
 6.16595002e+03  1.15803525e+02  6.16595002e+03 -4.06495556e-01 
 6.30957344e+03  1.15803720e+02  6.30957344e+03 -4.16039188e-01 
 6.45654229e+03  1.15803925e+02  6.45654229e+03 -4.25810477e-01 
 6.60693448e+03  1.15804140e+02  6.60693448e+03 -4.35815104e-01 
 6.76082975e+03  1.15804364e+02  6.76082975e+03 -4.46058913e-01 
 6.91830971e+03  1.15804599e+02  6.91830971e+03 -4.56547913e-01 
 7.07945784e+03  1.15804845e+02  7.07945784e+03 -4.67288282e-01 
 7.24435960e+03  1.15805102e+02  7.24435960e+03 -4.78286375e-01 
 7.41310241e+03  1.15805372e+02  7.41310241e+03 -4.89548732e-01 
 7.58577575e+03  1.15805654e+02  7.58577575e+03 -5.01082083e-01 
 7.76247117e+03  1.15805949e+02  7.76247117e+03 -5.12893354e-01 
 7.94328235e+03  1.15806258e+02  7.94328235e+03 -5.24989676e-01 
 8.12830516e+03  1.15806581e+02  8.12830516e+03 -5.37378395e-01 
 8.31763771e+03  1.15806920e+02  8.31763771e+03 -5.50067073e-01 
 8.51138038e+03  1.15807274e+02  8.51138038e+03 -5.63063505e-01 
 8.70963590e+03  1.15807645e+02  8.70963590e+03 -5.76375723e-01 
 8.91250938e+03  1.15808033e+02  8.91250938e+03 -5.90012008e-01 
 9.12010839e+03  1.15808439e+02  9.12010839e+03 -6.03980897e-01 
 9.33254301e+03  1.15808864e+02  9.33254301e+03 -6.18291196e-01 
 9.54992586e+03  1.15809309e+02  9.54992586e+03 -6.32951991e-01 
 9.77237221e+03  1.15809775e+02  9.77237221e+03 -6.47972658e-01 
 1.00000000e+04  1.15810262e+02  1.00000000e+04 -6.63362878e-01 
 1.02329299e+04  1.15810771e+02  1.02329299e+04 -6.79132646e-01 
 1.04712855e+04  1.15811305e+02  1.04712855e+04 -6.95292288e-01 
 1.07151931e+04  1.15811863e+02  1.07151931e+04 -7.11852474e-01 
 1.09647820e+04  1.15812447e+02  1.09647820e+04 -7.28824234e-01 
 1.12201845e+04  1.15813058e+02  1.12201845e+04 -7.46218972e-01 
 1.14815362e+04  1.15813697e+02  1.14815362e+04 -7.64048483e-01 
 1.17489755e+04  1.15814366e+02  1.17489755e+04 -7.82324976e-01 
 1.20226443e+04  1.15815066e+02  1.20226443e+04 -8.01061083e-01 
 1.23026877e+04  1.15815797e+02  1.23026877e+04 -8.20269888e-01 
 1.25892541e+04  1.15816563e+02  1.25892541e+04 -8.39964943e-01 
 1.28824955e+04  1.15817364e+02  1.28824955e+04 -8.60160290e-01 
 1.31825674e+04  1.15818201e+02  1.31825674e+04 -8.80870486e-01 
 1.34896288e+04  1.15819077e+02  1.34896288e+04 -9.02110627e-01 
 1.38038426e+04  1.15819994e+02  1.38038426e+04 -9.23896374e-01 
 1.41253754e+04  1.15820952e+02  1.41253754e+04 -9.46243977e-01 
 1.44543977e+04  1.15821954e+02  1.44543977e+04 -9.69170310e-01 
 1.47910839e+04  1.15823002e+02  1.47910839e+04 -9.92692897e-01 
 1.51356125e+04  1.15824097e+02  1.51356125e+04 -1.01682994e+00 
 1.54881662e+04  1.15825242e+02  1.54881662e+04 -1.04160038e+00 
 1.58489319e+04  1.15826440e+02  1.58489319e+04 -1.06702387e+00 
 1.62181010e+04  1.15827691e+02  1.62181010e+04 -1.09312090e+00 
 1.65958691e+04  1.15829000e+02  1.65958691e+04 -1.11991275e+00 
 1.69824365e+04  1.15830367e+02  1.69824365e+04 -1.14742161e+00 
 1.73780083e+04  1.15831796e+02  1.73780083e+04 -1.17567055e+00 
 1.77827941e+04  1.15833289e+02  1.77827941e+04 -1.20468364e+00 
 1.81970086e+04  1.15834850e+02  1.81970086e+04 -1.23448593e+00 
 1.86208714e+04  1.15836480e+02  1.86208714e+04 -1.26510355e+00 
 1.90546072e+04  1.15838183e+02  1.90546072e+04 -1.29656376e+00 
 1.94984460e+04  1.15839962e+02  1.94984460e+04 -1.32889499e+00 
 1.99526231e+04  1.15841820e+02  1.99526231e+04 -1.36212688e+00 
 2.04173794e+04  1.15843761e+02  2.04173794e+04 -1.39629043e+00 
 2.08929613e+04  1.15845787e+02  2.08929613e+04 -1.43141795e+00 
 2.13796209e+04  1.15847903e+02  2.13796209e+04 -1.46754322e+00 
 2.18776162e+04  1.15850111e+02  2.18776162e+04 -1.50470154e+00 
 2.23872114e+04  1.15852416e+02  2.23872114e+04 -1.54292977e+00 
 2.29086765e+04  1.15854822e+02  2.29086765e+04 -1.58226648e+00 
 2.34422882e+04  1.15857332e+02  2.34422882e+04 -1.62275196e+00 
 2.39883292e+04  1.15859950e+02  2.39883292e+04 -1.66442838e+00 
 2.45470892e+04  1.15862682e+02  2.45470892e+04 -1.70733983e+00 
 2.51188643e+04  1.15865531e+02  2.51188643e+04 -1.75153245e+00 
 2.57039578e+04  1.15868501e+02  2.57039578e+04 -1.79705450e+00 
 2.63026799e+04  1.15871597e+02  2.63026799e+04 -1.84395651e+00 
 2.69153480e+04  1.15874825e+02  2.69153480e+04 -1.89229135e+00 
 2.75422870e+04  1.15878188e+02  2.75422870e+04 -1.94211437e+00 
 2.81838293e+04  1.15881692e+02  2.81838293e+04 -1.99348351e+00 
 2.88403150e+04  1.15885341e+02  2.88403150e+04 -2.04645941e+00 
 2.95120923e+04  1.15889142e+02  2.95120923e+04 -2.10110558e+00 
 3.01995172e+04  1.15893098e+02  3.01995172e+04 -2.15748847e+00 
 3.09029543e+04  1.15897216e+02  3.09029543e+04 -2.21567766e+00 
 3.16227766e+04  1.15901500e+02  3.16227766e+04 -2.27574598e+00 
 3.23593657e+04  1.15905956e+02  3.23593657e+04 -2.33776965e+00 
 3.31131121e+04  1.15910590e+02  3.31131121e+04 -2.40182843e+00 
 3.38844156e+04  1.15915407e+02  3.38844156e+04 -2.46800576e+00 
 3.46736850e+04  1.15920413e+02  3.46736850e+04 -2.53638894e+00 
 3.54813389e+04  1.15925613e+02  3.54813389e+04 -2.60706925e+00 
 3.63078055e+04  1.15931012e+02  3.63078055e+04 -2.68014213e+00 
 3.71535229e+04  1.15936617e+02  3.71535229e+04 -2.75570732e+00 
 3.80189396e+04  1.15942432e+02  3.80189396e+04 -2.83386904e+00 
 3.89045145e+04  1.15948463e+02  3.89045145e+04 -2.91473610e+00 
 3.98107171e+04  1.15954716e+02  3.98107171e+04 -2.99842211e+00 
 4.07380278e+04  1.15961195e+02  4.07380278e+04 -3.08504559e+00 
 4.16869383e+04  1.15967906e+02  4.16869383e+04 -3.17473012e+00 
 4.26579519e+04  1.15974852e+02  4.26579519e+04 -3.26760452e+00 
 4.36515832e+04  1.15982040e+02  4.36515832e+04 -3.36380291e+00 
 4.46683592e+04  1.15989472e+02  4.46683592e+04 -3.46346492e+00 
 4.57088190e+04  1.15997153e+02  4.57088190e+04 -3.56673572e+00 
 4.67735141e+04  1.16005087e+02  4.67735141e+04 -3.67376618e+00 
 4.78630092e+04  1.16013277e+02  4.78630092e+04 -3.78471297e+00 
 4.89778819e+04  1.16021724e+02  4.89778819e+04 -3.89973855e+00 
 5.01187234e+04  1.16030432e+02  5.01187234e+04 -4.01901132e+00 
 5.12861384e+04  1.16039403e+02  5.12861384e+04 -4.14270559e+00 
 5.24807460e+04  1.16048636e+02  5.24807460e+04 -4.27100159e+00 
 5.37031796e+04  1.16058133e+02  5.37031796e+04 -4.40408551e+00 
 5.49540874e+04  1.16067893e+02  5.49540874e+04 -4.54214937e+00 
 5.62341325e+04  1.16077914e+02  5.62341325e+04 -4.68539103e+00 
 5.75439937e+04  1.16088195e+02  5.75439937e+04 -4.83401399e+00 
 5.88843655e+04  1.16098732e+02  5.88843655e+04 -4.98822734e+00 
 6.02559586e+04  1.16109522e+02  6.02559586e+04 -5.14824550e+00 
 6.16595002e+04  1.16120558e+02  6.16595002e+04 -5.31428804e+00 
 6.30957344e+04  1.16131836e+02  6.30957344e+04 -5.48657937e+00 
 6.45654229e+04  1.16143346e+02  6.45654229e+04 -5.66534850e+00 
 6.60693448e+04  1.16155081e+02  6.60693448e+04 -5.85082861e+00 
 6.76082975e+04  1.16167030e+02  6.76082975e+04 -6.04325668e+00 
 6.91830971e+04  1.16179182e+02  6.91830971e+04 -6.24287303e+00 
 7.07945784e+04  1.16191522e+02  7.07945784e+04 -6.44992086e+00 
 7.24435960e+04  1.16204038e+02  7.24435960e+04 -6.66464562e+00 
 7.41310241e+04  1.16216712e+02  7.41310241e+04 -6.88729451e+00 
 7.58577575e+04  1.16229527e+02  7.58577575e+04 -7.11811578e+00 
 7.76247117e+04  1.16242464e+02  7.76247117e+04 -7.35735809e+00 
 7.94328235e+04  1.16255501e+02  7.94328235e+04 -7.60526977e+00 
 8.12830516e+04  1.16268616e+02  8.12830516e+04 -7.86209808e+00 
 8.31763771e+04  1.16281784e+02  8.31763771e+04 -8.12808846e+00 
 8.51138038e+04  1.16294979e+02  8.51138038e+04 -8.40348368e+00 
 8.70963590e+04  1.16308174e+02  8.70963590e+04 -8.68852307e+00 
 8.91250938e+04  1.16321340e+02  8.91250938e+04 -8.98344168e+00 
 9.12010839e+04  1.16334444e+02  9.12010839e+04 -9.28846945e+00 
 9.33254301e+04  1.16347456e+02  9.33254301e+04 -9.60383045e+00 
 9.54992586e+04  1.16360342e+02  9.54992586e+04 -9.92974205e+00 
 9.77237221e+04  1.16373065e+02  9.77237221e+04 -1.02664142e+01 
 1.00000000e+05  1.16385590e+02  1.00000000e+05 -1.06140487e+01 
 1.02329299e+05  1.16397880e+02  1.02329299e+05 -1.09728385e+01 
 1.04712855e+05  1.16409895e+02  1.04712855e+05 -1.13429673e+01 
 1.07151931e+05  1.16421596e+02  1.07151931e+05 -1.17246089e+01 
 1.09647820e+05  1.16432943e+02  1.09647820e+05 -1.21179268e+01 
 1.12201845e+05  1.16443896e+02  1.12201845e+05 -1.25230738e+01 
 1.14815362e+05  1.16454413e+02  1.14815362e+05 -1.29401920e+01 
 1.17489755e+05  1.16464452e+02  1.17489755e+05 -1.33694126e+01 
 1.20226443e+05  1.16473973e+02  1.20226443e+05 -1.38108561e+01 
 1.23026877e+05  1.16482935e+02  1.23026877e+05 -1.42646319e+01 
 1.25892541e+05  1.16491295e+02  1.25892541e+05 -1.47308394e+01 
 1.28824955e+05  1.16499013e+02  1.28824955e+05 -1.52095679e+01 
 1.31825674e+05  1.16506051e+02  1.31825674e+05 -1.57008974e+01 
 1.34896288e+05  1.16512367e+02  1.34896288e+05 -1.62048991e+01 
 1.38038426e+05  1.16517925e+02  1.38038426e+05 -1.67216363e+01 
 1.41253754e+05  1.16522686e+02  1.41253754e+05 -1.72511654e+01 
 1.44543977e+05  1.16526616e+02  1.44543977e+05 -1.77935370e+01 
 1.47910839e+05  1.16529678e+02  1.47910839e+05 -1.83487968e+01 
 1.51356125e+05  1.16531840e+02  1.51356125e+05 -1.89169870e+01 
 1.54881662e+05  1.16533069e+02  1.54881662e+05 -1.94981473e+01 
 1.58489319e+05  1.16533335e+02  1.58489319e+05 -2.00923169e+01 
 1.62181010e+05  1.16532609e+02  1.62181010e+05 -2.06995349e+01 
 1.65958691e+05  1.16530864e+02  1.65958691e+05 -2.13198425e+01 
 1.69824365e+05  1.16528072e+02  1.69824365e+05 -2.19532839e+01 
 1.73780083e+05  1.16524208e+02  1.73780083e+05 -2.25999079e+01 
 1.77827941e+05  1.16519250e+02  1.77827941e+05 -2.32597691e+01 
 1.81970086e+05  1.16513175e+02  1.81970086e+05 -2.39329290e+01 
 1.86208714e+05  1.16505962e+02  1.86208714e+05 -2.46194575e+01 
 1.90546072e+05  1.16497589e+02  1.90546072e+05 -2.53194336e+01 
 1.94984460e+05  1.16488037e+02  1.94984460e+05 -2.60329470e+01 
 1.99526231e+05  1.16477287e+02  1.99526231e+05 -2.67600982e+01 
 2.04173794e+05  1.16465320e+02  2.04173794e+05 -2.75010000e+01 
 2.08929613e+05  1.16452118e+02  2.08929613e+05 -2.82557774e+01 
 2.13796209e+05  1.16437663e+02  2.13796209e+05 -2.90245690e+01 
 2.18776162e+05  1.16421934e+02  2.18776162e+05 -2.98075265e+01 
 2.23872114e+05  1.16404914e+02  2.23872114e+05 -3.06048154e+01 
 2.29086765e+05  1.16386582e+02  2.29086765e+05 -3.14166153e+01 
 2.34422882e+05  1.16366918e+02  2.34422882e+05 -3.22431191e+01 
 2.39883292e+05  1.16345900e+02  2.39883292e+05 -3.30845339e+01 
 2.45470892e+05  1.16323504e+02  2.45470892e+05 -3.39410796e+01 
 2.51188643e+05  1.16299706e+02  2.51188643e+05 -3.48129894e+01 
 2.57039578e+05  1.16274480e+02  2.57039578e+05 -3.57005088e+01 
 2.63026799e+05  1.16247797e+02  2.63026799e+05 -3.66038951e+01 
 2.69153480e+05  1.16219627e+02  2.69153480e+05 -3.75234165e+01 
 2.75422870e+05  1.16189937e+02  2.75422870e+05 -3.84593517e+01 
 2.81838293e+05  1.16158693e+02  2.81838293e+05 -3.94119886e+01 
 2.88403150e+05  1.16125855e+02  2.88403150e+05 -4.03816233e+01 
 2.95120923e+05  1.16091383e+02  2.95120923e+05 -4.13685596e+01 
 3.01995172e+05  1.16055235e+02  3.01995172e+05 -4.23731069e+01 
 3.09029543e+05  1.16017363e+02  3.09029543e+05 -4.33955802e+01 
 3.16227766e+05  1.15977718e+02  3.16227766e+05 -4.44362978e+01 
 3.23593657e+05  1.15936246e+02  3.23593657e+05 -4.54955807e+01 
 3.31131121e+05  1.15892892e+02  3.31131121e+05 -4.65737511e+01 
 3.38844156e+05  1.15847595e+02  3.38844156e+05 -4.76711309e+01 
 3.46736850e+05  1.15800292e+02  3.46736850e+05 -4.87880406e+01 
 3.54813389e+05  1.15750917e+02  3.54813389e+05 -4.99247975e+01 
 3.63078055e+05  1.15699398e+02  3.63078055e+05 -5.10817145e+01 
 3.71535229e+05  1.15645662e+02  3.71535229e+05 -5.22590986e+01 
 3.80189396e+05  1.15589630e+02  3.80189396e+05 -5.34572493e+01 
 3.89045145e+05  1.15531221e+02  3.89045145e+05 -5.46764569e+01 
 3.98107171e+05  1.15470350e+02  3.98107171e+05 -5.59170015e+01 
 4.07380278e+05  1.15406928e+02  4.07380278e+05 -5.71791506e+01 
 4.16869383e+05  1.15340862e+02  4.16869383e+05 -5.84631581e+01 
 4.26579519e+05  1.15272055e+02  4.26579519e+05 -5.97692625e+01 
 4.36515832e+05  1.15200408e+02  4.36515832e+05 -6.10976850e+01 
 4.46683592e+05  1.15125817e+02  4.46683592e+05 -6.24486282e+01 
 4.57088190e+05  1.15048176e+02  4.57088190e+05 -6.38222742e+01 
 4.67735141e+05  1.14967373e+02  4.67735141e+05 -6.52187827e+01 
 4.78630092e+05  1.14883296e+02  4.78630092e+05 -6.66382897e+01 
 4.89778819e+05  1.14795827e+02  4.89778819e+05 -6.80809055e+01 
 5.01187234e+05  1.14704847e+02  5.01187234e+05 -6.95467130e+01 
 5.12861384e+05  1.14610233e+02  5.12861384e+05 -7.10357661e+01 
 5.24807460e+05  1.14511860e+02  5.24807460e+05 -7.25480878e+01 
 5.37031796e+05  1.14409600e+02  5.37031796e+05 -7.40836688e+01 
 5.49540874e+05  1.14303322e+02  5.49540874e+05 -7.56424656e+01 
 5.62341325e+05  1.14192896e+02  5.62341325e+05 -7.72243992e+01 
 5.75439937e+05  1.14078186e+02  5.75439937e+05 -7.88293531e+01 
 5.88843655e+05  1.13959057e+02  5.88843655e+05 -8.04571724e+01 
 6.02559586e+05  1.13835374e+02  6.02559586e+05 -8.21076617e+01 
 6.16595002e+05  1.13706998e+02  6.16595002e+05 -8.37805846e+01 
 6.30957344e+05  1.13573791e+02  6.30957344e+05 -8.54756619e+01 
 6.45654229e+05  1.13435616e+02  6.45654229e+05 -8.71925707e+01 
 6.60693448e+05  1.13292333e+02  6.60693448e+05 -8.89309437e+01 
 6.76082975e+05  1.13143807e+02  6.76082975e+05 -9.06903680e+01 
 6.91830971e+05  1.12989900e+02  6.91830971e+05 -9.24703848e+01 
 7.07945784e+05  1.12830478e+02  7.07945784e+05 -9.42704890e+01 
 7.24435960e+05  1.12665408e+02  7.24435960e+05 -9.60901288e+01 
 7.41310241e+05  1.12494559e+02  7.41310241e+05 -9.79287057e+01 
 7.58577575e+05  1.12317804e+02  7.58577575e+05 -9.97855751e+01 
 7.76247117e+05  1.12135018e+02  7.76247117e+05 -1.01660046e+02 
 7.94328235e+05  1.11946080e+02  7.94328235e+05 -1.03551383e+02 
 8.12830516e+05  1.11750874e+02  8.12830516e+05 -1.05458804e+02 
 8.31763771e+05  1.11549289e+02  8.31763771e+05 -1.07381488e+02 
 8.51138038e+05  1.11341217e+02  8.51138038e+05 -1.09318568e+02 
 8.70963590e+05  1.11126559e+02  8.70963590e+05 -1.11269139e+02 
 8.91250938e+05  1.10905220e+02  8.91250938e+05 -1.13232259e+02 
 9.12010839e+05  1.10677110e+02  9.12010839e+05 -1.15206948e+02 
 9.33254301e+05  1.10442149e+02  9.33254301e+05 -1.17192193e+02 
 9.54992586e+05  1.10200263e+02  9.54992586e+05 -1.19186953e+02 
 9.77237221e+05  1.09951385e+02  9.77237221e+05 -1.21190156e+02 
 1.00000000e+06  1.09695456e+02  1.00000000e+06 -1.23200706e+02 
 1.02329299e+06  1.09432425e+02  1.02329299e+06 -1.25217486e+02 
 1.04712855e+06  1.09162252e+02  1.04712855e+06 -1.27239361e+02 
 1.07151931e+06  1.08884900e+02  1.07151931e+06 -1.29265180e+02 
 1.09647820e+06  1.08600347e+02  1.09647820e+06 -1.31293781e+02 
 1.12201845e+06  1.08308575e+02  1.12201845e+06 -1.33323995e+02 
 1.14815362e+06  1.08009577e+02  1.14815362e+06 -1.35354650e+02 
 1.17489755e+06  1.07703355e+02  1.17489755e+06 -1.37384572e+02 
 1.20226443e+06  1.07389919e+02  1.20226443e+06 -1.39412592e+02 
 1.23026877e+06  1.07069287e+02  1.23026877e+06 -1.41437547e+02 
 1.25892541e+06  1.06741487e+02  1.25892541e+06 -1.43458284e+02 
 1.28824955e+06  1.06406556e+02  1.28824955e+06 -1.45473666e+02 
 1.31825674e+06  1.06064537e+02  1.31825674e+06 -1.47482572e+02 
 1.34896288e+06  1.05715482e+02  1.34896288e+06 -1.49483902e+02 
 1.38038426e+06  1.05359452e+02  1.38038426e+06 -1.51476578e+02 
 1.41253754e+06  1.04996513e+02  1.41253754e+06 -1.53459551e+02 
 1.44543977e+06  1.04626740e+02  1.44543977e+06 -1.55431798e+02 
 1.47910839e+06  1.04250214e+02  1.47910839e+06 -1.57392329e+02 
 1.51356125e+06  1.03867022e+02  1.51356125e+06 -1.59340188e+02 
 1.54881662e+06  1.03477258e+02  1.54881662e+06 -1.61274453e+02 
 1.58489319e+06  1.03081020e+02  1.58489319e+06 -1.63194239e+02 
 1.62181010e+06  1.02678412e+02  1.62181010e+06 -1.65098701e+02 
 1.65958691e+06  1.02269542e+02  1.65958691e+06 -1.66987032e+02 
 1.69824365e+06  1.01854524e+02  1.69824365e+06 -1.68858468e+02 
 1.73780083e+06  1.01433474e+02  1.73780083e+06 -1.70712284e+02 
 1.77827941e+06  1.01006512e+02  1.77827941e+06 -1.72547800e+02 
 1.81970086e+06  1.00573761e+02  1.81970086e+06 -1.74364376e+02 
 1.86208714e+06  1.00135347e+02  1.86208714e+06 -1.76161415e+02 
 1.90546072e+06  9.96913960e+01  1.90546072e+06 -1.77938365e+02 
 1.94984460e+06  9.92420385e+01  1.94984460e+06 -1.79694714e+02 
 1.99526231e+06  9.87874050e+01  1.99526231e+06  1.78570007e+02 
 2.04173794e+06  9.83276270e+01  2.04173794e+06  1.76856227e+02 
 2.08929613e+06  9.78628368e+01  2.08929613e+06  1.75164332e+02 
 2.13796209e+06  9.73931671e+01  2.13796209e+06  1.73494669e+02 
 2.18776162e+06  9.69187504e+01  2.18776162e+06  1.71847548e+02 
 2.23872114e+06  9.64397190e+01  2.23872114e+06  1.70223236e+02 
 2.29086765e+06  9.59562045e+01  2.29086765e+06  1.68621969e+02 
 2.34422882e+06  9.54683379e+01  2.34422882e+06  1.67043942e+02 
 2.39883292e+06  9.49762488e+01  2.39883292e+06  1.65489320e+02 
 2.45470892e+06  9.44800658e+01  2.45470892e+06  1.63958231e+02 
 2.51188643e+06  9.39799156e+01  2.51188643e+06  1.62450774e+02 
 2.57039578e+06  9.34759237e+01  2.57039578e+06  1.60967016e+02 
 2.63026799e+06  9.29682135e+01  2.63026799e+06  1.59506996e+02 
 2.69153480e+06  9.24569062e+01  2.69153480e+06  1.58070723e+02 
 2.75422870e+06  9.19421212e+01  2.75422870e+06  1.56658181e+02 
 2.81838293e+06  9.14239756e+01  2.81838293e+06  1.55269331e+02 
 2.88403150e+06  9.09025839e+01  2.88403150e+06  1.53904108e+02 
 2.95120923e+06  9.03780586e+01  2.95120923e+06  1.52562425e+02 
 3.01995172e+06  8.98505092e+01  3.01995172e+06  1.51244176e+02 
 3.09029543e+06  8.93200431e+01  3.09029543e+06  1.49949232e+02 
 3.16227766e+06  8.87867648e+01  3.16227766e+06  1.48677449e+02 
 3.23593657e+06  8.82507762e+01  3.23593657e+06  1.47428666e+02 
 3.31131121e+06  8.77121767e+01  3.31131121e+06  1.46202703e+02 
 3.38844156e+06  8.71710629e+01  3.38844156e+06  1.44999370e+02 
 3.46736850e+06  8.66275286e+01  3.46736850e+06  1.43818459e+02 
 3.54813389e+06  8.60816652e+01  3.54813389e+06  1.42659753e+02 
 3.63078055e+06  8.55335612e+01  3.63078055e+06  1.41523022e+02 
 3.71535229e+06  8.49833025e+01  3.71535229e+06  1.40408026e+02 
 3.80189396e+06  8.44309724e+01  3.80189396e+06  1.39314518e+02 
 3.89045145e+06  8.38766516e+01  3.89045145e+06  1.38242238e+02 
 3.98107171e+06  8.33204183e+01  3.98107171e+06  1.37190922e+02 
 4.07380278e+06  8.27623479e+01  4.07380278e+06  1.36160299e+02 
 4.16869383e+06  8.22025135e+01  4.16869383e+06  1.35150091e+02 
 4.26579519e+06  8.16409859e+01  4.26579519e+06  1.34160016e+02 
 4.36515832e+06  8.10778333e+01  4.36515832e+06  1.33189786e+02 
 4.46683592e+06  8.05131215e+01  4.46683592e+06  1.32239111e+02 
 4.57088190e+06  7.99469141e+01  4.57088190e+06  1.31307697e+02 
 4.67735141e+06  7.93792726e+01  4.67735141e+06  1.30395249e+02 
 4.78630092e+06  7.88102561e+01  4.78630092e+06  1.29501466e+02 
 4.89778819e+06  7.82399216e+01  4.89778819e+06  1.28626051e+02 
 5.01187234e+06  7.76683241e+01  5.01187234e+06  1.27768702e+02 
 5.12861384e+06  7.70955166e+01  5.12861384e+06  1.26929117e+02 
 5.24807460e+06  7.65215501e+01  5.24807460e+06  1.26106997e+02 
 5.37031796e+06  7.59464736e+01  5.37031796e+06  1.25302040e+02 
 5.49540874e+06  7.53703344e+01  5.49540874e+06  1.24513946e+02 
 5.62341325e+06  7.47931781e+01  5.62341325e+06  1.23742416e+02 
 5.75439937e+06  7.42150484e+01  5.75439937e+06  1.22987152e+02 
 5.88843655e+06  7.36359873e+01  5.88843655e+06  1.22247858e+02 
 6.02559586e+06  7.30560354e+01  6.02559586e+06  1.21524239e+02 
 6.16595002e+06  7.24752315e+01  6.16595002e+06  1.20816003e+02 
 6.30957344e+06  7.18936132e+01  6.30957344e+06  1.20122861e+02 
 6.45654229e+06  7.13112163e+01  6.45654229e+06  1.19444526e+02 
 6.60693448e+06  7.07280755e+01  6.60693448e+06  1.18780712e+02 
 6.76082975e+06  7.01442239e+01  6.76082975e+06  1.18131138e+02 
 6.91830971e+06  6.95596936e+01  6.91830971e+06  1.17495525e+02 
 7.07945784e+06  6.89745152e+01  7.07945784e+06  1.16873599e+02 
 7.24435960e+06  6.83887183e+01  7.24435960e+06  1.16265085e+02 
 7.41310241e+06  6.78023312e+01  7.41310241e+06  1.15669717e+02 
 7.58577575e+06  6.72153811e+01  7.58577575e+06  1.15087228e+02 
 7.76247117e+06  6.66278944e+01  7.76247117e+06  1.14517357e+02 
 7.94328235e+06  6.60398961e+01  7.94328235e+06  1.13959845e+02 
 8.12830516e+06  6.54514105e+01  8.12830516e+06  1.13414438e+02 
 8.31763771e+06  6.48624609e+01  8.31763771e+06  1.12880885e+02 
 8.51138038e+06  6.42730696e+01  8.51138038e+06  1.12358938e+02 
 8.70963590e+06  6.36832584e+01  8.70963590e+06  1.11848355e+02 
 8.91250938e+06  6.30930479e+01  8.91250938e+06  1.11348896e+02 
 9.12010839e+06  6.25024580e+01  9.12010839e+06  1.10860324e+02 
 9.33254301e+06  6.19115081e+01  9.33254301e+06  1.10382408e+02 
 9.54992586e+06  6.13202167e+01  9.54992586e+06  1.09914920e+02 
 9.77237221e+06  6.07286015e+01  9.77237221e+06  1.09457634e+02 
 1.00000000e+07  6.01366800e+01  1.00000000e+07  1.09010332e+02 
 1.02329299e+07  5.95444686e+01  1.02329299e+07  1.08572794e+02 
 1.04712855e+07  5.89519835e+01  1.04712855e+07  1.08144809e+02 
 1.07151931e+07  5.83592401e+01  1.07151931e+07  1.07726167e+02 
 1.09647820e+07  5.77662536e+01  1.09647820e+07  1.07316662e+02 
 1.12201845e+07  5.71730383e+01  1.12201845e+07  1.06916091e+02 
 1.14815362e+07  5.65796083e+01  1.14815362e+07  1.06524257e+02 
 1.17489755e+07  5.59859773e+01  1.17489755e+07  1.06140963e+02 
 1.20226443e+07  5.53921586e+01  1.20226443e+07  1.05766019e+02 
 1.23026877e+07  5.47981649e+01  1.23026877e+07  1.05399236e+02 
 1.25892541e+07  5.42040087e+01  1.25892541e+07  1.05040429e+02 
 1.28824955e+07  5.36097023e+01  1.28824955e+07  1.04689418e+02 
 1.31825674e+07  5.30152575e+01  1.31825674e+07  1.04346023e+02 
 1.34896288e+07  5.24206858e+01  1.34896288e+07  1.04010071e+02 
 1.38038426e+07  5.18259987e+01  1.38038426e+07  1.03681389e+02 
 1.41253754e+07  5.12312072e+01  1.41253754e+07  1.03359809e+02 
 1.44543977e+07  5.06363222e+01  1.44543977e+07  1.03045166e+02 
 1.47910839e+07  5.00413545e+01  1.47910839e+07  1.02737296e+02 
 1.51356125e+07  4.94463144e+01  1.51356125e+07  1.02436041e+02 
 1.54881662e+07  4.88512124e+01  1.54881662e+07  1.02141243e+02 
 1.58489319e+07  4.82560588e+01  1.58489319e+07  1.01852748e+02 
 1.62181010e+07  4.76608637e+01  1.62181010e+07  1.01570406e+02 
 1.65958691e+07  4.70656372e+01  1.65958691e+07  1.01294068e+02 
 1.69824365e+07  4.64703892e+01  1.69824365e+07  1.01023587e+02 
 1.73780083e+07  4.58751297e+01  1.73780083e+07  1.00758820e+02 
 1.77827941e+07  4.52798686e+01  1.77827941e+07  1.00499625e+02 
 1.81970086e+07  4.46846158e+01  1.81970086e+07  1.00245865e+02 
 1.86208714e+07  4.40893813e+01  1.86208714e+07  9.99974029e+01 
 1.90546072e+07  4.34941751e+01  1.90546072e+07  9.97541034e+01 
 1.94984460e+07  4.28990070e+01  1.94984460e+07  9.95158348e+01 
 1.99526231e+07  4.23038873e+01  1.99526231e+07  9.92824668e+01 
 2.04173794e+07  4.17088261e+01  2.04173794e+07  9.90538710e+01 
 2.08929613e+07  4.11138337e+01  2.08929613e+07  9.88299209e+01 
 2.13796209e+07  4.05189206e+01  2.13796209e+07  9.86104916e+01 
 2.18776162e+07  3.99240973e+01  2.18776162e+07  9.83954601e+01 
 2.23872114e+07  3.93293745e+01  2.23872114e+07  9.81847048e+01 
 2.29086765e+07  3.87347634e+01  2.29086765e+07  9.79781054e+01 
 2.34422882e+07  3.81402750e+01  2.34422882e+07  9.77755433e+01 
 2.39883292e+07  3.75459207e+01  2.39883292e+07  9.75769009e+01 
 2.45470892e+07  3.69517123e+01  2.45470892e+07  9.73820616e+01 
 2.51188643e+07  3.63576618e+01  2.51188643e+07  9.71909103e+01 
 2.57039578e+07  3.57637813e+01  2.57039578e+07  9.70033322e+01 
 2.63026799e+07  3.51700835e+01  2.63026799e+07  9.68192139e+01 
 2.69153480e+07  3.45765814e+01  2.69153480e+07  9.66384421e+01 
 2.75422870e+07  3.39832883e+01  2.75422870e+07  9.64609044e+01 
 2.81838293e+07  3.33902179e+01  2.81838293e+07  9.62864886e+01 
 2.88403150e+07  3.27973844e+01  2.88403150e+07  9.61150830e+01 
 2.95120923e+07  3.22048026e+01  2.95120923e+07  9.59465757e+01 
 3.01995172e+07  3.16124873e+01  3.01995172e+07  9.57808550e+01 
 3.09029543e+07  3.10204543e+01  3.09029543e+07  9.56178088e+01 
 3.16227766e+07  3.04287198e+01  3.16227766e+07  9.54573249e+01 
 3.23593657e+07  2.98373004e+01  3.23593657e+07  9.52992902e+01 
 3.31131121e+07  2.92462135e+01  3.31131121e+07  9.51435911e+01 
 3.38844156e+07  2.86554769e+01  3.38844156e+07  9.49901131e+01 
 3.46736850e+07  2.80651093e+01  3.46736850e+07  9.48387406e+01 
 3.54813389e+07  2.74751299e+01  3.54813389e+07  9.46893565e+01 
 3.63078055e+07  2.68855587e+01  3.63078055e+07  9.45418422e+01 
 3.71535229e+07  2.62964164e+01  3.71535229e+07  9.43960775e+01 
 3.80189396e+07  2.57077245e+01  3.80189396e+07  9.42519399e+01 
 3.89045145e+07  2.51195054e+01  3.89045145e+07  9.41093048e+01 
 3.98107171e+07  2.45317822e+01  3.98107171e+07  9.39680450e+01 
 4.07380278e+07  2.39445789e+01  4.07380278e+07  9.38280304e+01 
 4.16869383e+07  2.33579205e+01  4.16869383e+07  9.36891278e+01 
 4.26579519e+07  2.27718329e+01  4.26579519e+07  9.35512006e+01 
 4.36515832e+07  2.21863430e+01  4.36515832e+07  9.34141083e+01 
 4.46683592e+07  2.16014787e+01  4.46683592e+07  9.32777062e+01 
 4.57088190e+07  2.10172690e+01  4.57088190e+07  9.31418453e+01 
 4.67735141e+07  2.04337439e+01  4.67735141e+07  9.30063714e+01 
 4.78630092e+07  1.98509347e+01  4.78630092e+07  9.28711253e+01 
 4.89778819e+07  1.92688738e+01  4.89778819e+07  9.27359417e+01 
 5.01187234e+07  1.86875947e+01  5.01187234e+07  9.26006493e+01 
 5.12861384e+07  1.81071322e+01  5.12861384e+07  9.24650700e+01 
 5.24807460e+07  1.75275225e+01  5.24807460e+07  9.23290187e+01 
 5.37031796e+07  1.69488031e+01  5.37031796e+07  9.21923022e+01 
 5.49540874e+07  1.63710125e+01  5.49540874e+07  9.20547193e+01 
 5.62341325e+07  1.57941912e+01  5.62341325e+07  9.19160599e+01 
 5.75439937e+07  1.52183805e+01  5.75439937e+07  9.17761041e+01 
 5.88843655e+07  1.46436236e+01  5.88843655e+07  9.16346223e+01 
 6.02559586e+07  1.40699649e+01  6.02559586e+07  9.14913736e+01 
 6.16595002e+07  1.34974506e+01  6.16595002e+07  9.13461059e+01 
 6.30957344e+07  1.29261280e+01  6.30957344e+07  9.11985546e+01 
 6.45654229e+07  1.23560464e+01  6.45654229e+07  9.10484421e+01 
 6.60693448e+07  1.17872564e+01  6.60693448e+07  9.08954769e+01 
 6.76082975e+07  1.12198103e+01  6.76082975e+07  9.07393527e+01 
 6.91830971e+07  1.06537620e+01  6.91830971e+07  9.05797477e+01 
 7.07945784e+07  1.00891669e+01  7.07945784e+07  9.04163233e+01 
 7.24435960e+07  9.52608216e+00  7.24435960e+07  9.02487237e+01 
 7.41310241e+07  8.96456651e+00  7.41310241e+07  9.00765743e+01 
 7.58577575e+07  8.40468026e+00  7.58577575e+07  8.98994812e+01 
 7.76247117e+07  7.84648532e+00  7.76247117e+07  8.97170296e+01 
 7.94328235e+07  7.29004517e+00  7.94328235e+07  8.95287833e+01 
 8.12830516e+07  6.73542483e+00  8.12830516e+07  8.93342831e+01 
 8.31763771e+07  6.18269083e+00  8.31763771e+07  8.91330458e+01 
 8.51138038e+07  5.63191114e+00  8.51138038e+07  8.89245630e+01 
 8.70963590e+07  5.08315514e+00  8.70963590e+07  8.87083001e+01 
 8.91250938e+07  4.53649355e+00  8.91250938e+07  8.84836947e+01 
 9.12010839e+07  3.99199833e+00  9.12010839e+07  8.82501554e+01 
 9.33254301e+07  3.44974262e+00  9.33254301e+07  8.80070609e+01 
 9.54992586e+07  2.90980064e+00  9.54992586e+07  8.77537584e+01 
 9.77237221e+07  2.37224753e+00  9.77237221e+07  8.74895623e+01 
 1.00000000e+08  1.83715929e+00  1.00000000e+08  8.72137532e+01 
