-3.50000000e-05 -1.90888244e+01 
-3.49000000e-05 -1.90888236e+01 
-3.48000000e-05 -1.90888227e+01 
-3.47000000e-05 -1.90888219e+01 
-3.46000000e-05 -1.90888209e+01 
-3.45000000e-05 -1.90888200e+01 
-3.44000000e-05 -1.90888190e+01 
-3.43000000e-05 -1.90888179e+01 
-3.42000000e-05 -1.90888168e+01 
-3.41000000e-05 -1.90888157e+01 
-3.40000000e-05 -1.90888144e+01 
-3.39000000e-05 -1.90888132e+01 
-3.38000000e-05 -1.90888118e+01 
-3.37000000e-05 -1.90888104e+01 
-3.36000000e-05 -1.90888089e+01 
-3.35000000e-05 -1.90888073e+01 
-3.34000000e-05 -1.90888055e+01 
-3.33000000e-05 -1.90888037e+01 
-3.32000000e-05 -1.90888017e+01 
-3.31000000e-05 -1.90887996e+01 
-3.30000000e-05 -1.90887972e+01 
-3.29000000e-05 -1.90887947e+01 
-3.28000000e-05 -1.90887920e+01 
-3.27000000e-05 -1.90887889e+01 
-3.26000000e-05 -1.90887855e+01 
-3.25000000e-05 -1.90887818e+01 
-3.24000000e-05 -1.90887775e+01 
-3.23000000e-05 -1.90887726e+01 
-3.22000000e-05 -1.90887669e+01 
-3.21000000e-05 -1.90887601e+01 
-3.20000000e-05 -1.90887519e+01 
-3.19000000e-05 -1.90887417e+01 
-3.18000000e-05 -1.90887282e+01 
-3.17000000e-05 -1.90887094e+01 
-3.16000000e-05 -1.90886795e+01 
-3.15000000e-05 -1.90886204e+01 
-3.14000000e-05 -1.90884277e+01 
-3.13000000e-05 -1.90879872e+01 
-3.12000000e-05 -1.90873611e+01 
-3.11000000e-05 -1.90863514e+01 
-3.10000000e-05 -1.90838109e+01 
-3.09000000e-05 -1.90491701e+01 
-3.08000000e-05 -1.89895100e+01 
-3.07000000e-05 -1.89280553e+01 
-3.06000000e-05 -1.88664191e+01 
-3.05000000e-05 -1.88047657e+01 
-3.04000000e-05 -1.87431110e+01 
-3.03000000e-05 -1.86814559e+01 
-3.02000000e-05 -1.86198011e+01 
-3.01000000e-05 -1.85581461e+01 
-3.00000000e-05 -1.84964911e+01 
-2.99000000e-05 -1.84348362e+01 
-2.98000000e-05 -1.83731812e+01 
-2.97000000e-05 -1.83115261e+01 
-2.96000000e-05 -1.82498711e+01 
-2.95000000e-05 -1.81882162e+01 
-2.94000000e-05 -1.81265612e+01 
-2.93000000e-05 -1.80649062e+01 
-2.92000000e-05 -1.80032512e+01 
-2.91000000e-05 -1.79415963e+01 
-2.90000000e-05 -1.78799414e+01 
-2.89000000e-05 -1.78182864e+01 
-2.88000000e-05 -1.77566315e+01 
-2.87000000e-05 -1.76949765e+01 
-2.86000000e-05 -1.76333215e+01 
-2.85000000e-05 -1.75716666e+01 
-2.84000000e-05 -1.75100116e+01 
-2.83000000e-05 -1.74483565e+01 
-2.82000000e-05 -1.73867017e+01 
-2.81000000e-05 -1.73250466e+01 
-2.80000000e-05 -1.72633916e+01 
-2.79000000e-05 -1.72017366e+01 
-2.78000000e-05 -1.71400817e+01 
-2.77000000e-05 -1.70784268e+01 
-2.76000000e-05 -1.70167717e+01 
-2.75000000e-05 -1.69551169e+01 
-2.74000000e-05 -1.68934618e+01 
-2.73000000e-05 -1.68318069e+01 
-2.72000000e-05 -1.67701519e+01 
-2.71000000e-05 -1.67084970e+01 
-2.70000000e-05 -1.66468419e+01 
-2.69000000e-05 -1.65851870e+01 
-2.68000000e-05 -1.65235319e+01 
-2.67000000e-05 -1.64618771e+01 
-2.66000000e-05 -1.64002220e+01 
-2.65000000e-05 -1.63385672e+01 
-2.64000000e-05 -1.62769122e+01 
-2.63000000e-05 -1.62152571e+01 
-2.62000000e-05 -1.61536023e+01 
-2.61000000e-05 -1.60919472e+01 
-2.60000000e-05 -1.60302923e+01 
-2.59000000e-05 -1.59686372e+01 
-2.58000000e-05 -1.59069824e+01 
-2.57000000e-05 -1.58453272e+01 
-2.56000000e-05 -1.57836724e+01 
-2.55000000e-05 -1.57220173e+01 
-2.54000000e-05 -1.56603625e+01 
-2.53000000e-05 -1.55987075e+01 
-2.52000000e-05 -1.55370526e+01 
-2.51000000e-05 -1.54753976e+01 
-2.50000000e-05 -1.54137426e+01 
-2.49000000e-05 -1.53520876e+01 
-2.48000000e-05 -1.52904327e+01 
-2.47000000e-05 -1.52287777e+01 
-2.46000000e-05 -1.51671225e+01 
-2.45000000e-05 -1.51054678e+01 
-2.44000000e-05 -1.50438126e+01 
-2.43000000e-05 -1.49821578e+01 
-2.42000000e-05 -1.49205027e+01 
-2.41000000e-05 -1.48588479e+01 
-2.40000000e-05 -1.47971928e+01 
-2.39000000e-05 -1.47355379e+01 
-2.38000000e-05 -1.46738830e+01 
-2.37000000e-05 -1.46122280e+01 
-2.36000000e-05 -1.45505730e+01 
-2.35000000e-05 -1.44889180e+01 
-2.34000000e-05 -1.44272631e+01 
-2.33000000e-05 -1.43656080e+01 
-2.32000000e-05 -1.43039532e+01 
-2.31000000e-05 -1.42422981e+01 
-2.30000000e-05 -1.41806432e+01 
-2.29000000e-05 -1.41189881e+01 
-2.28000000e-05 -1.40573334e+01 
-2.27000000e-05 -1.39956783e+01 
-2.26000000e-05 -1.39340234e+01 
-2.25000000e-05 -1.38723683e+01 
-2.24000000e-05 -1.38107135e+01 
-2.23000000e-05 -1.37490584e+01 
-2.22000000e-05 -1.36874035e+01 
-2.21000000e-05 -1.36257486e+01 
-2.20000000e-05 -1.35640935e+01 
-2.19000000e-05 -1.35024386e+01 
-2.18000000e-05 -1.34407836e+01 
-2.17000000e-05 -1.33791287e+01 
-2.16000000e-05 -1.33174736e+01 
-2.15000000e-05 -1.32558187e+01 
-2.14000000e-05 -1.31941638e+01 
-2.13000000e-05 -1.31325088e+01 
-2.12000000e-05 -1.30708538e+01 
-2.11000000e-05 -1.30091989e+01 
-2.10000000e-05 -1.29475438e+01 
-2.09000000e-05 -1.28858888e+01 
-2.08000000e-05 -1.28242339e+01 
-2.07000000e-05 -1.27625789e+01 
-2.06000000e-05 -1.27009239e+01 
-2.05000000e-05 -1.26392689e+01 
-2.04000000e-05 -1.25776141e+01 
-2.03000000e-05 -1.25159591e+01 
-2.02000000e-05 -1.24543041e+01 
-2.01000000e-05 -1.23926491e+01 
-2.00000000e-05 -1.23309942e+01 
-1.99000000e-05 -1.22693392e+01 
-1.98000000e-05 -1.22076842e+01 
-1.97000000e-05 -1.21460293e+01 
-1.96000000e-05 -1.20843742e+01 
-1.95000000e-05 -1.20227193e+01 
-1.94000000e-05 -1.19610643e+01 
-1.93000000e-05 -1.18994093e+01 
-1.92000000e-05 -1.18377543e+01 
-1.91000000e-05 -1.17760994e+01 
-1.90000000e-05 -1.17144445e+01 
-1.89000000e-05 -1.16527894e+01 
-1.88000000e-05 -1.15911345e+01 
-1.87000000e-05 -1.15294796e+01 
-1.86000000e-05 -1.14678246e+01 
-1.85000000e-05 -1.14061696e+01 
-1.84000000e-05 -1.13445146e+01 
-1.83000000e-05 -1.12828596e+01 
-1.82000000e-05 -1.12212047e+01 
-1.81000000e-05 -1.11595497e+01 
-1.80000000e-05 -1.10978948e+01 
-1.79000000e-05 -1.10362397e+01 
-1.78000000e-05 -1.09745847e+01 
-1.77000000e-05 -1.09129299e+01 
-1.76000000e-05 -1.08512748e+01 
-1.75000000e-05 -1.07896199e+01 
-1.74000000e-05 -1.07279649e+01 
-1.73000000e-05 -1.06663100e+01 
-1.72000000e-05 -1.06046549e+01 
-1.71000000e-05 -1.05430000e+01 
-1.70000000e-05 -1.04813450e+01 
-1.69000000e-05 -1.04196901e+01 
-1.68000000e-05 -1.03580350e+01 
-1.67000000e-05 -1.02963801e+01 
-1.66000000e-05 -1.02347252e+01 
-1.65000000e-05 -1.01730702e+01 
-1.64000000e-05 -1.01114152e+01 
-1.63000000e-05 -1.00497603e+01 
-1.62000000e-05 -9.98810530e+00 
-1.61000000e-05 -9.92645026e+00 
-1.60000000e-05 -9.86479536e+00 
-1.59000000e-05 -9.80314023e+00 
-1.58000000e-05 -9.74148540e+00 
-1.57000000e-05 -9.67983031e+00 
-1.56000000e-05 -9.61817548e+00 
-1.55000000e-05 -9.55652036e+00 
-1.54000000e-05 -9.49486552e+00 
-1.53000000e-05 -9.43321055e+00 
-1.52000000e-05 -9.37155558e+00 
-1.51000000e-05 -9.30990061e+00 
-1.50000000e-05 -9.24824565e+00 
-1.49000000e-05 -9.18659068e+00 
-1.48000000e-05 -9.12493571e+00 
-1.47000000e-05 -9.06328074e+00 
-1.46000000e-05 -9.00162569e+00 
-1.45000000e-05 -8.93997078e+00 
-1.44000000e-05 -8.87831570e+00 
-1.43000000e-05 -8.81666086e+00 
-1.42000000e-05 -8.75500576e+00 
-1.41000000e-05 -8.69335090e+00 
-1.40000000e-05 -8.63169587e+00 
-1.39000000e-05 -8.57004096e+00 
-1.38000000e-05 -8.50838593e+00 
-1.37000000e-05 -8.44673102e+00 
-1.36000000e-05 -8.38507605e+00 
-1.35000000e-05 -8.32342109e+00 
-1.34000000e-05 -8.26176612e+00 
-1.33000000e-05 -8.20011109e+00 
-1.32000000e-05 -8.13845618e+00 
-1.31000000e-05 -8.07680114e+00 
-1.30000000e-05 -8.01514622e+00 
-1.29000000e-05 -7.95349119e+00 
-1.28000000e-05 -7.89183629e+00 
-1.27000000e-05 -7.83018127e+00 
-1.26000000e-05 -7.76852635e+00 
-1.25000000e-05 -7.70687131e+00 
-1.24000000e-05 -7.64521640e+00 
-1.23000000e-05 -7.58356137e+00 
-1.22000000e-05 -7.52190640e+00 
-1.21000000e-05 -7.46025145e+00 
-1.20000000e-05 -7.39859647e+00 
-1.19000000e-05 -7.33694154e+00 
-1.18000000e-05 -7.27528653e+00 
-1.17000000e-05 -7.21363161e+00 
-1.16000000e-05 -7.15197664e+00 
-1.15000000e-05 -7.09032167e+00 
-1.14000000e-05 -7.02866670e+00 
-1.13000000e-05 -6.96701172e+00 
-1.12000000e-05 -6.90535675e+00 
-1.11000000e-05 -6.84370178e+00 
-1.10000000e-05 -6.78204676e+00 
-1.09000000e-05 -6.72039179e+00 
-1.08000000e-05 -6.65873682e+00 
-1.07000000e-05 -6.59708186e+00 
-1.06000000e-05 -6.53542684e+00 
-1.05000000e-05 -6.47377187e+00 
-1.04000000e-05 -6.41211690e+00 
-1.03000000e-05 -6.35046198e+00 
-1.02000000e-05 -6.28880701e+00 
-1.01000000e-05 -6.22715204e+00 
-1.00000000e-05 -6.16549706e+00 
-9.90000000e-06 -6.10384209e+00 
-9.80000000e-06 -6.04218712e+00 
-9.70000000e-06 -5.98053215e+00 
-9.60000000e-06 -5.91887713e+00 
-9.50000000e-06 -5.85722216e+00 
-9.40000000e-06 -5.79556719e+00 
-9.30000000e-06 -5.73391223e+00 
-9.20000000e-06 -5.67225726e+00 
-9.10000000e-06 -5.61060229e+00 
-9.00000000e-06 -5.54894736e+00 
-8.90000000e-06 -5.48729235e+00 
-8.80000000e-06 -5.42563742e+00 
-8.70000000e-06 -5.36398245e+00 
-8.60000000e-06 -5.30232747e+00 
-8.50000000e-06 -5.24067247e+00 
-8.40000000e-06 -5.17901753e+00 
-8.30000000e-06 -5.11736253e+00 
-8.20000000e-06 -5.05570759e+00 
-8.10000000e-06 -4.99405259e+00 
-8.00000000e-06 -4.93239766e+00 
-7.90000000e-06 -4.87074268e+00 
-7.80000000e-06 -4.80908768e+00 
-7.70000000e-06 -4.74743275e+00 
-7.60000000e-06 -4.68577774e+00 
-7.50000000e-06 -4.62412281e+00 
-7.40000000e-06 -4.56246780e+00 
-7.30000000e-06 -4.50081287e+00 
-7.20000000e-06 -4.43915783e+00 
-7.10000000e-06 -4.37750292e+00 
-7.00000000e-06 -4.31584792e+00 
-6.90000000e-06 -4.25419298e+00 
-6.80000000e-06 -4.19253798e+00 
-6.70000000e-06 -4.13088304e+00 
-6.60000000e-06 -4.06922807e+00 
-6.50000000e-06 -4.00757310e+00 
-6.40000000e-06 -3.94591813e+00 
-6.30000000e-06 -3.88426316e+00 
-6.20000000e-06 -3.82260819e+00 
-6.10000000e-06 -3.76095319e+00 
-6.00000000e-06 -3.69929825e+00 
-5.90000000e-06 -3.63764322e+00 
-5.80000000e-06 -3.57598830e+00 
-5.70000000e-06 -3.51433328e+00 
-5.60000000e-06 -3.45267836e+00 
-5.50000000e-06 -3.39102335e+00 
-5.40000000e-06 -3.32936843e+00 
-5.30000000e-06 -3.26771346e+00 
-5.20000000e-06 -3.20605849e+00 
-5.10000000e-06 -3.14440352e+00 
-5.00000000e-06 -3.08274855e+00 
-4.90000000e-06 -3.02109358e+00 
-4.80000000e-06 -2.95943861e+00 
-4.70000000e-06 -2.89778364e+00 
-4.60000000e-06 -2.83612864e+00 
-4.50000000e-06 -2.77447369e+00 
-4.40000000e-06 -2.71281868e+00 
-4.30000000e-06 -2.65116375e+00 
-4.20000000e-06 -2.58950875e+00 
-4.10000000e-06 -2.52785381e+00 
-4.00000000e-06 -2.46619883e+00 
-3.90000000e-06 -2.40454387e+00 
-3.80000000e-06 -2.34288889e+00 
-3.70000000e-06 -2.28123393e+00 
-3.60000000e-06 -2.21957896e+00 
-3.50000000e-06 -2.15792397e+00 
-3.40000000e-06 -2.09626902e+00 
-3.30000000e-06 -2.03461403e+00 
-3.20000000e-06 -1.97295908e+00 
-3.10000000e-06 -1.91130409e+00 
-3.00000000e-06 -1.84964914e+00 
-2.90000000e-06 -1.78799417e+00 
-2.80000000e-06 -1.72633920e+00 
-2.70000000e-06 -1.66468421e+00 
-2.60000000e-06 -1.60302927e+00 
-2.50000000e-06 -1.54137428e+00 
-2.40000000e-06 -1.47971932e+00 
-2.30000000e-06 -1.41806434e+00 
-2.20000000e-06 -1.35640937e+00 
-2.10000000e-06 -1.29475440e+00 
-2.00000000e-06 -1.23309943e+00 
-1.90000000e-06 -1.17144447e+00 
-1.80000000e-06 -1.10978949e+00 
-1.70000000e-06 -1.04813453e+00 
-1.60000000e-06 -9.86479559e-01 
-1.50000000e-06 -9.24824588e-01 
-1.40000000e-06 -8.63169618e-01 
-1.30000000e-06 -8.01514647e-01 
-1.20000000e-06 -7.39859676e-01 
-1.10000000e-06 -6.78204705e-01 
-1.00000000e-06 -6.16549730e-01 
-9.00000000e-07 -5.54894760e-01 
-8.00000000e-07 -4.93239790e-01 
-7.00000000e-07 -4.31584820e-01 
-6.00000000e-07 -3.69929849e-01 
-5.00000000e-07 -3.08274879e-01 
-4.00000000e-07 -2.46619909e-01 
-3.00000000e-07 -1.84964940e-01 
-2.00000000e-07 -1.23309969e-01 
-1.00000000e-07 -6.16549983e-02 
 1.20702195e-20 -2.75117823e-08 
 1.00000000e-07  6.16549432e-02 
 2.00000000e-07  1.23309913e-01 
 3.00000000e-07  1.84964885e-01 
 4.00000000e-07  2.46619854e-01 
 5.00000000e-07  3.08274827e-01 
 6.00000000e-07  3.69929794e-01 
 7.00000000e-07  4.31584765e-01 
 8.00000000e-07  4.93239738e-01 
 9.00000000e-07  5.54894705e-01 
 1.00000000e-06  6.16549681e-01 
 1.10000000e-06  6.78204646e-01 
 1.20000000e-06  7.39859621e-01 
 1.30000000e-06  8.01514586e-01 
 1.40000000e-06  8.63169563e-01 
 1.50000000e-06  9.24824527e-01 
 1.60000000e-06  9.86479504e-01 
 1.70000000e-06  1.04813447e+00 
 1.80000000e-06  1.10978945e+00 
 1.90000000e-06  1.17144441e+00 
 2.00000000e-06  1.23309939e+00 
 2.10000000e-06  1.29475436e+00 
 2.20000000e-06  1.35640933e+00 
 2.30000000e-06  1.41806430e+00 
 2.40000000e-06  1.47971926e+00 
 2.50000000e-06  1.54137424e+00 
 2.60000000e-06  1.60302920e+00 
 2.70000000e-06  1.66468417e+00 
 2.80000000e-06  1.72633912e+00 
 2.90000000e-06  1.78799411e+00 
 3.00000000e-06  1.84964906e+00 
 3.10000000e-06  1.91130405e+00 
 3.20000000e-06  1.97295901e+00 
 3.30000000e-06  2.03461400e+00 
 3.40000000e-06  2.09626897e+00 
 3.50000000e-06  2.15792394e+00 
 3.60000000e-06  2.21957890e+00 
 3.70000000e-06  2.28123387e+00 
 3.80000000e-06  2.34288884e+00 
 3.90000000e-06  2.40454381e+00 
 4.00000000e-06  2.46619878e+00 
 4.10000000e-06  2.52785372e+00 
 4.20000000e-06  2.58950873e+00 
 4.30000000e-06  2.65116366e+00 
 4.40000000e-06  2.71281867e+00 
 4.50000000e-06  2.77447360e+00 
 4.60000000e-06  2.83612861e+00 
 4.70000000e-06  2.89778356e+00 
 4.80000000e-06  2.95943855e+00 
 4.90000000e-06  3.02109352e+00 
 5.00000000e-06  3.08274849e+00 
 5.10000000e-06  3.14440346e+00 
 5.20000000e-06  3.20605841e+00 
 5.30000000e-06  3.26771340e+00 
 5.40000000e-06  3.32936835e+00 
 5.50000000e-06  3.39102334e+00 
 5.60000000e-06  3.45267829e+00 
 5.70000000e-06  3.51433329e+00 
 5.80000000e-06  3.57598822e+00 
 5.90000000e-06  3.63764322e+00 
 6.00000000e-06  3.69929816e+00 
 6.10000000e-06  3.76095316e+00 
 6.20000000e-06  3.82260810e+00 
 6.30000000e-06  3.88426310e+00 
 6.40000000e-06  3.94591804e+00 
 6.50000000e-06  4.00757301e+00 
 6.60000000e-06  4.06922801e+00 
 6.70000000e-06  4.13088295e+00 
 6.80000000e-06  4.19253796e+00 
 6.90000000e-06  4.25419290e+00 
 7.00000000e-06  4.31584790e+00 
 7.10000000e-06  4.37750287e+00 
 7.20000000e-06  4.43915783e+00 
 7.30000000e-06  4.50081280e+00 
 7.40000000e-06  4.56246777e+00 
 7.50000000e-06  4.62412271e+00 
 7.60000000e-06  4.68577772e+00 
 7.70000000e-06  4.74743266e+00 
 7.80000000e-06  4.80908763e+00 
 7.90000000e-06  4.87074260e+00 
 8.00000000e-06  4.93239756e+00 
 8.10000000e-06  4.99405253e+00 
 8.20000000e-06  5.05570750e+00 
 8.30000000e-06  5.11736251e+00 
 8.40000000e-06  5.17901749e+00 
 8.50000000e-06  5.24067245e+00 
 8.60000000e-06  5.30232742e+00 
 8.70000000e-06  5.36398239e+00 
 8.80000000e-06  5.42563736e+00 
 8.90000000e-06  5.48729233e+00 
 9.00000000e-06  5.54894730e+00 
 9.10000000e-06  5.61060224e+00 
 9.20000000e-06  5.67225721e+00 
 9.30000000e-06  5.73391218e+00 
 9.40000000e-06  5.79556715e+00 
 9.50000000e-06  5.85722216e+00 
 9.60000000e-06  5.91887708e+00 
 9.70000000e-06  5.98053209e+00 
 9.80000000e-06  6.04218703e+00 
 9.90000000e-06  6.10384203e+00 
 1.00000000e-05  6.16549700e+00 
 1.01000000e-05  6.22715197e+00 
 1.02000000e-05  6.28880690e+00 
 1.03000000e-05  6.35046191e+00 
 1.04000000e-05  6.41211684e+00 
 1.05000000e-05  6.47377186e+00 
 1.06000000e-05  6.53542679e+00 
 1.07000000e-05  6.59708181e+00 
 1.08000000e-05  6.65873682e+00 
 1.09000000e-05  6.72039175e+00 
 1.10000000e-05  6.78204675e+00 
 1.11000000e-05  6.84370169e+00 
 1.12000000e-05  6.90535669e+00 
 1.13000000e-05  6.96701162e+00 
 1.14000000e-05  7.02866664e+00 
 1.15000000e-05  7.09032151e+00 
 1.16000000e-05  7.15197658e+00 
 1.17000000e-05  7.21363150e+00 
 1.18000000e-05  7.27528653e+00 
 1.19000000e-05  7.33694145e+00 
 1.20000000e-05  7.39859647e+00 
 1.21000000e-05  7.46025143e+00 
 1.22000000e-05  7.52190640e+00 
 1.23000000e-05  7.58356137e+00 
 1.24000000e-05  7.64521635e+00 
 1.25000000e-05  7.70687133e+00 
 1.26000000e-05  7.76852624e+00 
 1.27000000e-05  7.83018125e+00 
 1.28000000e-05  7.89183611e+00 
 1.29000000e-05  7.95349121e+00 
 1.30000000e-05  8.01514605e+00 
 1.31000000e-05  8.07680114e+00 
 1.32000000e-05  8.13845599e+00 
 1.33000000e-05  8.20011108e+00 
 1.34000000e-05  8.26176605e+00 
 1.35000000e-05  8.32342103e+00 
 1.36000000e-05  8.38507600e+00 
 1.37000000e-05  8.44673098e+00 
 1.38000000e-05  8.50838595e+00 
 1.39000000e-05  8.57004084e+00 
 1.40000000e-05  8.63169589e+00 
 1.41000000e-05  8.69335072e+00 
 1.42000000e-05  8.75500582e+00 
 1.43000000e-05  8.81666066e+00 
 1.44000000e-05  8.87831576e+00 
 1.45000000e-05  8.93997068e+00 
 1.46000000e-05  9.00162571e+00 
 1.47000000e-05  9.06328061e+00 
 1.48000000e-05  9.12493564e+00 
 1.49000000e-05  9.18659055e+00 
 1.50000000e-05  9.24824560e+00 
 1.51000000e-05  9.30990057e+00 
 1.52000000e-05  9.37155547e+00 
 1.53000000e-05  9.43321049e+00 
 1.54000000e-05  9.49486541e+00 
 1.55000000e-05  9.55652045e+00 
 1.56000000e-05  9.61817534e+00 
 1.57000000e-05  9.67983038e+00 
 1.58000000e-05  9.74148528e+00 
 1.59000000e-05  9.80314033e+00 
 1.60000000e-05  9.86479522e+00 
 1.61000000e-05  9.92645026e+00 
 1.62000000e-05  9.98810516e+00 
 1.63000000e-05  1.00497602e+01 
 1.64000000e-05  1.01114151e+01 
 1.65000000e-05  1.01730701e+01 
 1.66000000e-05  1.02347251e+01 
 1.67000000e-05  1.02963800e+01 
 1.68000000e-05  1.03580351e+01 
 1.69000000e-05  1.04196900e+01 
 1.70000000e-05  1.04813450e+01 
 1.71000000e-05  1.05430000e+01 
 1.72000000e-05  1.06046549e+01 
 1.73000000e-05  1.06663099e+01 
 1.74000000e-05  1.07279649e+01 
 1.75000000e-05  1.07896198e+01 
 1.76000000e-05  1.08512748e+01 
 1.77000000e-05  1.09129297e+01 
 1.78000000e-05  1.09745847e+01 
 1.79000000e-05  1.10362397e+01 
 1.80000000e-05  1.10978946e+01 
 1.81000000e-05  1.11595496e+01 
 1.82000000e-05  1.12212047e+01 
 1.83000000e-05  1.12828596e+01 
 1.84000000e-05  1.13445146e+01 
 1.85000000e-05  1.14061696e+01 
 1.86000000e-05  1.14678245e+01 
 1.87000000e-05  1.15294795e+01 
 1.88000000e-05  1.15911345e+01 
 1.89000000e-05  1.16527894e+01 
 1.90000000e-05  1.17144444e+01 
 1.91000000e-05  1.17760993e+01 
 1.92000000e-05  1.18377543e+01 
 1.93000000e-05  1.18994093e+01 
 1.94000000e-05  1.19610642e+01 
 1.95000000e-05  1.20227193e+01 
 1.96000000e-05  1.20843742e+01 
 1.97000000e-05  1.21460292e+01 
 1.98000000e-05  1.22076841e+01 
 1.99000000e-05  1.22693392e+01 
 2.00000000e-05  1.23309941e+01 
 2.01000000e-05  1.23926491e+01 
 2.02000000e-05  1.24543040e+01 
 2.03000000e-05  1.25159590e+01 
 2.04000000e-05  1.25776139e+01 
 2.05000000e-05  1.26392690e+01 
 2.06000000e-05  1.27009239e+01 
 2.07000000e-05  1.27625789e+01 
 2.08000000e-05  1.28242339e+01 
 2.09000000e-05  1.28858888e+01 
 2.10000000e-05  1.29475438e+01 
 2.11000000e-05  1.30091987e+01 
 2.12000000e-05  1.30708538e+01 
 2.13000000e-05  1.31325086e+01 
 2.14000000e-05  1.31941637e+01 
 2.15000000e-05  1.32558185e+01 
 2.16000000e-05  1.33174736e+01 
 2.17000000e-05  1.33791285e+01 
 2.18000000e-05  1.34407836e+01 
 2.19000000e-05  1.35024385e+01 
 2.20000000e-05  1.35640935e+01 
 2.21000000e-05  1.36257485e+01 
 2.22000000e-05  1.36874035e+01 
 2.23000000e-05  1.37490584e+01 
 2.24000000e-05  1.38107134e+01 
 2.25000000e-05  1.38723684e+01 
 2.26000000e-05  1.39340231e+01 
 2.27000000e-05  1.39956782e+01 
 2.28000000e-05  1.40573330e+01 
 2.29000000e-05  1.41189882e+01 
 2.30000000e-05  1.41806430e+01 
 2.31000000e-05  1.42422981e+01 
 2.32000000e-05  1.43039530e+01 
 2.33000000e-05  1.43656081e+01 
 2.34000000e-05  1.44272630e+01 
 2.35000000e-05  1.44889180e+01 
 2.36000000e-05  1.45505730e+01 
 2.37000000e-05  1.46122280e+01 
 2.38000000e-05  1.46738829e+01 
 2.39000000e-05  1.47355378e+01 
 2.40000000e-05  1.47971928e+01 
 2.41000000e-05  1.48588477e+01 
 2.42000000e-05  1.49205028e+01 
 2.43000000e-05  1.49821576e+01 
 2.44000000e-05  1.50438128e+01 
 2.45000000e-05  1.51054676e+01 
 2.46000000e-05  1.51671227e+01 
 2.47000000e-05  1.52287776e+01 
 2.48000000e-05  1.52904326e+01 
 2.49000000e-05  1.53520875e+01 
 2.50000000e-05  1.54137426e+01 
 2.51000000e-05  1.54753976e+01 
 2.52000000e-05  1.55370524e+01 
 2.53000000e-05  1.55987075e+01 
 2.54000000e-05  1.56603623e+01 
 2.55000000e-05  1.57220174e+01 
 2.56000000e-05  1.57836723e+01 
 2.57000000e-05  1.58453273e+01 
 2.58000000e-05  1.59069823e+01 
 2.59000000e-05  1.59686373e+01 
 2.60000000e-05  1.60302921e+01 
 2.61000000e-05  1.60919472e+01 
 2.62000000e-05  1.61536021e+01 
 2.63000000e-05  1.62152572e+01 
 2.64000000e-05  1.62769120e+01 
 2.65000000e-05  1.63385670e+01 
 2.66000000e-05  1.64002220e+01 
 2.67000000e-05  1.64618770e+01 
 2.68000000e-05  1.65235320e+01 
 2.69000000e-05  1.65851870e+01 
 2.70000000e-05  1.66468420e+01 
 2.71000000e-05  1.67084969e+01 
 2.72000000e-05  1.67701519e+01 
 2.73000000e-05  1.68318069e+01 
 2.74000000e-05  1.68934618e+01 
 2.75000000e-05  1.69551168e+01 
 2.76000000e-05  1.70167717e+01 
 2.77000000e-05  1.70784266e+01 
 2.78000000e-05  1.71400816e+01 
 2.79000000e-05  1.72017366e+01 
 2.80000000e-05  1.72633915e+01 
 2.81000000e-05  1.73250465e+01 
 2.82000000e-05  1.73867016e+01 
 2.83000000e-05  1.74483565e+01 
 2.84000000e-05  1.75100116e+01 
 2.85000000e-05  1.75716665e+01 
 2.86000000e-05  1.76333215e+01 
 2.87000000e-05  1.76949765e+01 
 2.88000000e-05  1.77566314e+01 
 2.89000000e-05  1.78182863e+01 
 2.90000000e-05  1.78799414e+01 
 2.91000000e-05  1.79415962e+01 
 2.92000000e-05  1.80032513e+01 
 2.93000000e-05  1.80649061e+01 
 2.94000000e-05  1.81265611e+01 
 2.95000000e-05  1.81882162e+01 
 2.96000000e-05  1.82498711e+01 
 2.97000000e-05  1.83115262e+01 
 2.98000000e-05  1.83731810e+01 
 2.99000000e-05  1.84348361e+01 
 3.00000000e-05  1.84964909e+01 
 3.01000000e-05  1.85581461e+01 
 3.02000000e-05  1.86198009e+01 
 3.03000000e-05  1.86814560e+01 
 3.04000000e-05  1.87431108e+01 
 3.05000000e-05  1.88047658e+01 
 3.06000000e-05  1.88664192e+01 
 3.07000000e-05  1.89280555e+01 
 3.08000000e-05  1.89895102e+01 
 3.09000000e-05  1.90491709e+01 
 3.10000000e-05  1.90872456e+01 
 3.11000000e-05  1.90897992e+01 
 3.12000000e-05  1.90907329e+01 
 3.13000000e-05  1.90913027e+01 
 3.14000000e-05  1.90917101e+01 
 3.15000000e-05  1.90920266e+01 
 3.16000000e-05  1.90922858e+01 
 3.17000000e-05  1.90925029e+01 
 3.18000000e-05  1.90926905e+01 
 3.19000000e-05  1.90928555e+01 
 3.20000000e-05  1.90930027e+01 
 3.21000000e-05  1.90931354e+01 
 3.22000000e-05  1.90932562e+01 
 3.23000000e-05  1.90933670e+01 
 3.24000000e-05  1.90934693e+01 
 3.25000000e-05  1.90935643e+01 
 3.26000000e-05  1.90936529e+01 
 3.27000000e-05  1.90937360e+01 
 3.28000000e-05  1.90938140e+01 
 3.29000000e-05  1.90938877e+01 
 3.30000000e-05  1.90939575e+01 
 3.31000000e-05  1.90940237e+01 
 3.32000000e-05  1.90940867e+01 
 3.33000000e-05  1.90941468e+01 
 3.34000000e-05  1.90942043e+01 
 3.35000000e-05  1.90942593e+01 
 3.36000000e-05  1.90943120e+01 
 3.37000000e-05  1.90943626e+01 
 3.38000000e-05  1.90944114e+01 
 3.39000000e-05  1.90944583e+01 
 3.40000000e-05  1.90945036e+01 
 3.41000000e-05  1.90945473e+01 
 3.42000000e-05  1.90945896e+01 
 3.43000000e-05  1.90946306e+01 
 3.44000000e-05  1.90946702e+01 
 3.45000000e-05  1.90947087e+01 
 3.46000000e-05  1.90947460e+01 
 3.47000000e-05  1.90947822e+01 
 3.48000000e-05  1.90948175e+01 
 3.49000000e-05  1.90948517e+01 
 3.50000000e-05  1.90948851e+01 
